Time [s]   Potential       Kinetic         Total          
------------------------------------------------------------
0.000      -2.624999       6.000004        3.375004       
0.010      -2.567939       5.942945        3.375005       
0.020      -2.522192       5.897197        3.375005       
0.030      -2.487294       5.862299        3.375006       
0.040      -2.462771       5.837777        3.375006       
0.050      -2.448084       5.823089        3.375005       
0.060      -2.442527       5.817532        3.375006       
0.070      -2.445052       5.820056        3.375004       
0.080      -2.453979       5.828981        3.375002       
0.090      -2.466529       5.841529        3.375000       
0.100      -2.478104       5.853098        3.374994       
0.110      -2.481176       5.856160        3.374984       
0.120      -2.463758       5.838725        3.374968       
0.130      -2.407572       5.782519        3.374947       
0.140      -2.286799       5.661719        3.374919       
0.150      -2.069934       5.444823        3.374889       
0.160      -1.730181       5.105056        3.374875       
0.170      -1.271138       4.646047        3.374908       
0.180      -0.764269       4.139263        3.374994       
0.190      -0.361834       3.736942        3.375108       
0.200      -0.228231       3.603376        3.375145       
0.210      -0.411928       3.786992        3.375064       
0.220      -0.800986       4.175945        3.374959       
0.230      -1.222094       4.596984        3.374890       
0.240      -1.555401       4.930281        3.374880       
0.250      -1.763029       5.137933        3.374904       
0.260      -1.858517       5.233451        3.374934       
0.270      -1.872471       5.247431        3.374960       
0.280      -1.834152       5.209130        3.374978       
0.290      -1.765642       5.140632        3.374990       
0.300      -1.681818       5.056816        3.374997       
0.310      -1.592041       4.967042        3.375001       
0.320      -1.501901       4.876904        3.375003       
0.330      -1.414563       4.789567        3.375004       
0.340      -1.331683       4.706687        3.375004       
0.350      -1.254007       4.629012        3.375005       
0.360      -1.181745       4.556751        3.375006       
0.370      -1.114803       4.489809        3.375006       
0.380      -1.052923       4.427930        3.375006       
0.390      -0.995768       4.370774        3.375006       
0.400      -0.942971       4.317978        3.375007       
0.410      -0.894166       4.269172        3.375007       
0.420      -0.849001       4.224006        3.375006       
0.430      -0.807147       4.182152        3.375005       
0.440      -0.768304       4.143309        3.375005       
0.450      -0.732197       4.107202        3.375004       
0.460      -0.698579       4.073584        3.375005       
0.470      -0.667228       4.042233        3.375005       
0.480      -0.637942       4.012947        3.375005       
0.490      -0.610543       3.985548        3.375005       
0.500      -0.584871       3.959876        3.375005       
0.510      -0.560779       3.935784        3.375005       
0.520      -0.538140       3.913144        3.375005       
0.530      -0.516835       3.891840        3.375005       
0.540      -0.496761       3.871766        3.375005       
0.550      -0.477824       3.852829        3.375005       
0.560      -0.459937       3.834942        3.375004       
0.570      -0.443024       3.818028        3.375004       
0.580      -0.427015       3.802018        3.375003       
0.590      -0.411845       3.786848        3.375003       
0.600      -0.397457       3.772461        3.375004       
0.610      -0.383798       3.758802        3.375004       
0.620      -0.370821       3.745825        3.375004       
0.630      -0.358480       3.733485        3.375004       
0.640      -0.346736       3.721741        3.375004       
0.650      -0.335552       3.710556        3.375004       
0.660      -0.324893       3.699897        3.375004       
0.670      -0.314727       3.689732        3.375004       
0.680      -0.305026       3.680031        3.375004       
0.690      -0.295763       3.670767        3.375004       
0.700      -0.286913       3.661917        3.375004       
0.710      -0.278452       3.653456        3.375004       
0.720      -0.270359       3.645363        3.375004       
0.730      -0.262614       3.637618        3.375004       
0.740      -0.255198       3.630202        3.375004       
0.750      -0.248094       3.623099        3.375005       
0.760      -0.241286       3.616291        3.375005       
0.770      -0.234759       3.609763        3.375005       
0.780      -0.228497       3.603502        3.375005       
0.790      -0.222488       3.597493        3.375004       
0.800      -0.216720       3.591724        3.375004       
0.810      -0.211179       3.586183        3.375004       
0.820      -0.205856       3.580859        3.375004       
0.830      -0.200739       3.575743        3.375004       
0.840      -0.195819       3.570822        3.375003       
0.850      -0.191086       3.566089        3.375003       
0.860      -0.186532       3.561535        3.375003       
0.870      -0.182148       3.557151        3.375003       
0.880      -0.177927       3.552930        3.375003       
0.890      -0.173860       3.548862        3.375002       
0.900      -0.169941       3.544944        3.375002       
0.910      -0.166163       3.541166        3.375003       
0.920      -0.162520       3.537523        3.375002       
0.930      -0.159006       3.534008        3.375003       
0.940      -0.155614       3.530617        3.375003       
0.950      -0.152341       3.527344        3.375003       
0.960      -0.149180       3.524183        3.375003       
0.970      -0.146126       3.521130        3.375004       
0.980      -0.143175       3.518179        3.375004       
0.990      -0.140323       3.515327        3.375004       
1.000      -0.137566       3.512569        3.375003       
1.010      -0.134898       3.509902        3.375003       
1.020      -0.132317       3.507321        3.375004       
1.030      -0.129819       3.504823        3.375004       
1.040      -0.127400       3.502404        3.375004       
1.050      -0.125057       3.500062        3.375004       
1.060      -0.122787       3.497792        3.375005       
1.070      -0.120588       3.495592        3.375005       
1.080      -0.118455       3.493459        3.375005       
1.090      -0.116386       3.491391        3.375005       
1.100      -0.114379       3.489384        3.375005       
1.110      -0.112431       3.487437        3.375006       
1.120      -0.110541       3.485547        3.375006       
1.130      -0.108704       3.483711        3.375007       
1.140      -0.106921       3.481927        3.375006       
1.150      -0.105187       3.480193        3.375006       
1.160      -0.103502       3.478508        3.375006       
1.170      -0.101863       3.476870        3.375007       
1.180      -0.100269       3.475276        3.375006       
1.190      -0.098718       3.473725        3.375007       
1.200      -0.097209       3.472215        3.375006       
1.210      -0.095739       3.470745        3.375006       
1.220      -0.094307       3.469313        3.375006       
1.230      -0.092912       3.467919        3.375006       
1.240      -0.091553       3.466559        3.375006       
1.250      -0.090228       3.465234        3.375006       
1.260      -0.088935       3.463941        3.375006       
1.270      -0.087674       3.462680        3.375006       
1.280      -0.086444       3.461450        3.375006       
1.290      -0.085242       3.460249        3.375006       
1.300      -0.084070       3.459076        3.375006       
1.310      -0.082924       3.457931        3.375006       
1.320      -0.081805       3.456812        3.375007       
1.330      -0.080711       3.455717        3.375006       
1.340      -0.079642       3.454648        3.375007       
1.350      -0.078596       3.453602        3.375006       
1.360      -0.077574       3.452580        3.375006       
1.370      -0.076573       3.451579        3.375006       
1.380      -0.075593       3.450599        3.375006       
1.390      -0.074634       3.449641        3.375006       
1.400      -0.073695       3.448701        3.375006       
1.410      -0.072776       3.447782        3.375006       
1.420      -0.071875       3.446881        3.375006       
1.430      -0.070991       3.445997        3.375006       
1.440      -0.070126       3.445131        3.375006       
1.450      -0.069277       3.444283        3.375006       
1.460      -0.068444       3.443449        3.375006       
1.470      -0.067627       3.442633        3.375006       
1.480      -0.066825       3.441832        3.375006       
1.490      -0.066038       3.441045        3.375007       
1.500      -0.065266       3.440272        3.375007       
1.510      -0.064507       3.439514        3.375007       
1.520      -0.063762       3.438769        3.375007       
1.530      -0.063030       3.438036        3.375006       
1.540      -0.062310       3.437317        3.375006       
1.550      -0.061603       3.436610        3.375007       
1.560      -0.060908       3.435914        3.375006       
1.570      -0.060224       3.435230        3.375006       
1.580      -0.059552       3.434558        3.375006       
1.590      -0.058890       3.433897        3.375006       
1.600      -0.058239       3.433246        3.375006       
1.610      -0.057599       3.432605        3.375006       
1.620      -0.056968       3.431975        3.375006       
1.630      -0.056348       3.431354        3.375006       
1.640      -0.055736       3.430742        3.375006       
1.650      -0.055134       3.430140        3.375006       
1.660      -0.054541       3.429548        3.375006       
1.670      -0.053957       3.428963        3.375006       
1.680      -0.053382       3.428387        3.375006       
1.690      -0.052814       3.427820        3.375006       
1.700      -0.052255       3.427261        3.375006       
1.710      -0.051703       3.426709        3.375006       
1.720      -0.051159       3.426165        3.375006       
1.730      -0.050623       3.425629        3.375006       
1.740      -0.050094       3.425100        3.375006       
1.750      -0.049572       3.424579        3.375006       
1.760      -0.049058       3.424064        3.375006       
1.770      -0.048550       3.423556        3.375006       
1.780      -0.048048       3.423055        3.375007       
1.790      -0.047553       3.422560        3.375007       
1.800      -0.047065       3.422071        3.375006       
1.810      -0.046583       3.421589        3.375007       
1.820      -0.046107       3.421114        3.375007       
1.830      -0.045636       3.420644        3.375007       
1.840      -0.045172       3.420179        3.375007       
1.850      -0.044713       3.419720        3.375007       
1.860      -0.044260       3.419267        3.375007       
1.870      -0.043813       3.418820        3.375007       
1.880      -0.043370       3.418377        3.375007       
1.890      -0.042933       3.417941        3.375008       
1.900      -0.042501       3.417509        3.375008       
1.910      -0.042074       3.417082        3.375007       
1.920      -0.041652       3.416659        3.375006       
1.930      -0.041235       3.416242        3.375007       
1.940      -0.040823       3.415830        3.375007       
1.950      -0.040415       3.415423        3.375008       
1.960      -0.040012       3.415020        3.375008       
1.970      -0.039613       3.414621        3.375008       
1.980      -0.039219       3.414226        3.375007       
1.990      -0.038829       3.413836        3.375007       
2.000      -0.038444       3.413450        3.375007       
2.010      -0.038062       3.413070        3.375008       
2.020      -0.037685       3.412692        3.375008       
2.030      -0.037311       3.412319        3.375008       
2.040      -0.036942       3.411950        3.375008       
2.050      -0.036577       3.411584        3.375008       
2.060      -0.036215       3.411223        3.375008       
2.070      -0.035857       3.410865        3.375008       
2.080      -0.035503       3.410511        3.375008       
2.090      -0.035153       3.410160        3.375008       
2.100      -0.034806       3.409813        3.375007       
2.110      -0.034463       3.409470        3.375008       
2.120      -0.034123       3.409131        3.375008       
2.130      -0.033787       3.408795        3.375008       
2.140      -0.033454       3.408461        3.375008       
2.150      -0.033124       3.408132        3.375008       
2.160      -0.032798       3.407806        3.375008       
2.170      -0.032475       3.407484        3.375009       
2.180      -0.032155       3.407164        3.375009       
2.190      -0.031839       3.406847        3.375009       
2.200      -0.031525       3.406533        3.375008       
2.210      -0.031215       3.406223        3.375008       
2.220      -0.030907       3.405915        3.375007       
2.230      -0.030603       3.405610        3.375007       
2.240      -0.030302       3.405308        3.375006       
2.250      -0.030003       3.405010        3.375007       
2.260      -0.029708       3.404715        3.375007       
2.270      -0.029415       3.404422        3.375007       
2.280      -0.029125       3.404133        3.375008       
2.290      -0.028838       3.403847        3.375009       
2.300      -0.028554       3.403563        3.375009       
2.310      -0.028273       3.403282        3.375010       
2.320      -0.027994       3.403004        3.375010       
2.330      -0.027718       3.402728        3.375010       
2.340      -0.027444       3.402454        3.375010       
2.350      -0.027173       3.402183        3.375010       
2.360      -0.026905       3.401914        3.375010       
2.370      -0.026639       3.401648        3.375010       
2.380      -0.026375       3.401385        3.375009       
2.390      -0.026115       3.401123        3.375008       
2.400      -0.025856       3.400864        3.375008       
2.410      -0.025600       3.400607        3.375007       
2.420      -0.025347       3.400353        3.375006       
2.430      -0.025096       3.400100        3.375005       
2.440      -0.024847       3.399850        3.375003       
2.450      -0.024600       3.399603        3.375002       
2.460      -0.024356       3.399359        3.375002       
2.470      -0.024115       3.399117        3.375003       
2.480      -0.023875       3.398879        3.375004       
2.490      -0.023638       3.398643        3.375005       
2.500      -0.023403       3.398409        3.375006       
2.510      -0.023170       3.398177        3.375007       
2.520      -0.022939       3.397948        3.375009       
2.530      -0.022710       3.397720        3.375010       
2.540      -0.022484       3.397495        3.375011       
2.550      -0.022260       3.397271        3.375011       
2.560      -0.022038       3.397049        3.375012       
2.570      -0.021817       3.396829        3.375012       
2.580      -0.021599       3.396612        3.375013       
2.590      -0.021383       3.396397        3.375013       
2.600      -0.021169       3.396183        3.375014       
2.610      -0.020957       3.395972        3.375014       
2.620      -0.020747       3.395762        3.375015       
2.630      -0.020539       3.395554        3.375015       
2.640      -0.020333       3.395348        3.375014       
2.650      -0.020129       3.395143        3.375014       
2.660      -0.019927       3.394941        3.375014       
2.670      -0.019727       3.394741        3.375014       
2.680      -0.019528       3.394543        3.375014       
2.690      -0.019332       3.394346        3.375014       
2.700      -0.019137       3.394151        3.375014       
2.710      -0.018944       3.393958        3.375014       
2.720      -0.018753       3.393766        3.375013       
2.730      -0.018563       3.393576        3.375013       
2.740      -0.018376       3.393388        3.375012       
2.750      -0.018190       3.393202        3.375011       
2.760      -0.018006       3.393017        3.375011       
2.770      -0.017824       3.392834        3.375010       
2.780      -0.017644       3.392653        3.375010       
2.790      -0.017465       3.392474        3.375009       
2.800      -0.017288       3.392296        3.375009       
2.810      -0.017112       3.392120        3.375008       
2.820      -0.016938       3.391946        3.375007       
2.830      -0.016766       3.391773        3.375007       
2.840      -0.016596       3.391602        3.375006       
2.850      -0.016427       3.391432        3.375005       
2.860      -0.016260       3.391264        3.375004       
2.870      -0.016094       3.391097        3.375003       
2.880      -0.015930       3.390931        3.375001       
2.890      -0.015768       3.390767        3.375000       
2.900      -0.015607       3.390605        3.374998       
2.910      -0.015447       3.390444        3.374997       
2.920      -0.015289       3.390286        3.374996       
2.930      -0.015133       3.390128        3.374995       
2.940      -0.014978       3.389973        3.374994       
2.950      -0.014825       3.389818        3.374993       
2.960      -0.014673       3.389666        3.374993       
2.970      -0.014523       3.389516        3.374993       
2.980      -0.014374       3.389369        3.374995       
2.990      -0.014226       3.389223        3.374996       
3.000      -0.014080       3.389078        3.374998       