Time [s]     Potential            Kinetic              Total               
---------------------------------------------------------------------------
0            -2.62499946          0                    -2.62499946         
0.01         -2.62804055          0.00303979148        -2.62500076         
0.02         -2.63718706          0.012186572          -2.62500049         
0.03         -2.65252429          0.0275229625         -2.62500133         
0.04         -2.67418814          0.049187988          -2.62500015         
0.05         -2.7023769           0.0773790628         -2.62499784         
0.06         -2.73735255          0.112354808          -2.62499774         
0.07         -2.77943856          0.154438794          -2.62499976         
0.08         -2.82902384          0.204023421          -2.62500042         
0.09         -2.88657439          0.261575043          -2.62499934         
0.1          -2.95263791          0.327639401          -2.62499851         
0.11         -3.02784348          0.402846277          -2.6249972          
0.12         -3.11291206          0.487915099          -2.62499696         
0.13         -3.20865369          0.583657503          -2.62499619         
0.14         -3.31597316          0.690977275          -2.62499589         
0.15         -3.43586075          0.810864508          -2.62499624         
0.16         -3.56937325          0.944378972          -2.62499428         
0.17         -3.71760964          1.09261787           -2.62499177         
0.18         -3.88164854          1.25665474           -2.6249938          
0.19         -4.06243157          1.43743646           -2.62499511         
0.2          -4.26060498          1.63560843           -2.62499654         
0.21         -4.47622919          1.85123301           -2.62499619         
0.22         -4.70833361          2.08333874           -2.62499487         
0.23         -4.95420957          2.32921529           -2.62499428         
0.24         -5.20833385          2.58333254           -2.62500131         
0.25         -5.46075726          2.83574343           -2.62501383         
0.26         -5.69487548          3.06984043           -2.62503505         
0.27         -5.88458204          3.25951695           -2.62506509         
0.28         -5.99141622          3.36630774           -2.62510848         
0.29         -5.96357274          3.33841252           -2.62516022         
0.3          -5.74120224          3.11599398           -2.62520826         
0.31         -5.27557254          2.65033889           -2.62523365         
0.32         -4.56916845          1.94398499           -2.62518346         
0.33         -3.72908807          1.10404313           -2.62504494         
0.34         -2.98911989          0.364256442          -2.62486345         
0.35         -2.63234639          0.00759457704        -2.62475181         
0.36         -2.81829894          0.193489328          -2.62480961         
0.37         -3.46204162          0.837053955          -2.62498766         
0.38         -4.30030739          1.67515779           -2.62514961         
0.39         -5.06856394          2.44334173           -2.62522221         
0.4          -5.61718833          2.99196768           -2.62522066         
0.41         -5.91517103          3.28999472           -2.62517631         
0.42         -5.99998355          3.37486172           -2.62512183         
0.43         -5.93088055          3.30580282           -2.62507772         
0.44         -5.76336801          3.13832378           -2.62504423         
0.45         -5.54034591          2.91532469           -2.62502122         
0.46         -5.29167795          2.66667342           -2.62500453         
0.47         -5.03674507          2.41174769           -2.62499738         
0.48         -4.78738153          2.16239333           -2.6249882          
0.49         -4.55035794          1.92537761           -2.62498033         
0.5          -4.32916975          1.70419192           -2.62497783         
0.51         -4.12526214          1.50028396           -2.62497818         
0.52         -3.93884718          1.31386817           -2.62497902         
0.53         -3.76942921          1.1444521            -2.62497711         
0.54         -3.61614311          0.991164029          -2.62497908         
0.55         -3.47794139          0.852957666          -2.62498373         
0.56         -3.35371792          0.728735328          -2.6249826          
0.57         -3.24240232          0.617420435          -2.62498188         
0.58         -3.14298284          0.517997324          -2.62498552         
0.59         -3.05451822          0.429533362          -2.62498486         
0.6          -2.97617126          0.351186395          -2.62498486         
0.61         -2.90719163          0.282207161          -2.62498447         
0.62         -2.84692186          0.221936852          -2.62498501         
0.63         -2.79478562          0.169802964          -2.62498266         
0.64         -2.75029796          0.125313729          -2.62498423         
0.65         -2.71304047          0.0880530477         -2.62498742         
0.66         -2.68266052          0.0576754399         -2.62498508         
0.67         -2.65888631          0.0339015424         -2.62498477         
0.68         -2.64149934          0.0165142082         -2.62498513         
0.69         -2.63034081          0.00535557326        -2.62498524         
0.7          -2.62531149          0.000324751018       -2.62498674         
0.71         -2.62636399          0.00137637695        -2.62498762         
0.72         -2.63350976          0.00851993822        -2.62498982         
0.73         -2.64681154          0.02181991           -2.62499163         
0.74         -2.66638649          0.0413967036         -2.62498978         
0.75         -2.69241858          0.0674283803         -2.6249902          
0.76         -2.72514099          0.100153208          -2.62498778         
0.77         -2.76486254          0.139873013          -2.62498952         
0.78         -2.81194657          0.18695724           -2.62498933         
0.79         -2.86683369          0.241847515          -2.62498617         
0.8          -2.93005157          0.305062801          -2.62498876         
0.81         -3.00219297          0.377205133          -2.62498784         
0.82         -3.08395278          0.458964139          -2.62498865         
0.83         -3.17610776          0.551120937          -2.62498683         
0.84         -3.27953696          0.654549778          -2.62498719         
0.85         -3.39519989          0.770213246          -2.62498665         
0.86         -3.52413833          0.899151206          -2.62498713         
0.87         -3.66744125          1.04245341           -2.62498784         
0.88         -3.82620049          1.20121074           -2.62498975         
0.89         -4.0014149           1.37642586           -2.62498903         
0.9          -4.19385588          1.56886804           -2.62498784         
0.91         -4.40382063          1.77883005           -2.62499058         
0.92         -4.63073015          2.0057416            -2.62498856         
0.93         -4.87254488          2.24755812           -2.62498677         
0.94         -5.12481415          2.49982023           -2.62499392         
0.95         -5.37924278          2.7542398            -2.62500298         
0.96         -5.62169695          2.99667454           -2.62502241         
0.97         -5.8295095           3.20445967           -2.62504983         
0.98         -5.96852016          3.34343219           -2.62508798         
0.99         -5.99113727          3.36600065           -2.62513661         
1            -5.83889186          3.21370363           -2.62518823         
1.01         -5.4560895           2.83086848           -2.62522101         
1.02         -4.82276487          2.19756794           -2.62519693         
1.03         -4.00646818          1.38137686           -2.62509131         
1.04         -3.20204794          0.577124178          -2.62492377         
1.05         -2.69258147          0.0677942857         -2.62478719         
1.06         -2.69790566          0.0731075779         -2.62479808         
1.07         -3.21555841          0.590617537          -2.62494087         
1.08         -4.02275634          1.39763272           -2.62512362         
1.09         -4.83696163          2.21173573           -2.6252259          
1.1          -5.4657644           2.8405242            -2.62524021         
1.11         -5.84379745          3.21859312           -2.62520432         
1.12         -5.99214506          3.36699343           -2.62515163         
1.13         -5.96678889          3.34168577           -2.62510312         
1.14         -5.82606876          3.20100117           -2.62506759         
1.15         -5.61731708          2.99227929           -2.62503779         
1.16         -5.37445915          2.74943781           -2.62502134         
1.17         -5.11996007          2.49495101           -2.62500906         
1.18         -4.86782777          2.24282527           -2.6250025          
1.19         -4.62625229          2.00126076           -2.62499154         
1.2          -4.39964497          1.77466035           -2.62498462         
1.21         -4.19001925          1.56503081           -2.62498844         
1.22         -3.99790728          1.37292242           -2.62498486         
1.23         -3.82301652          1.19802952           -2.62498701         
1.24         -3.66456592          1.03957701           -2.62498891         
1.25         -3.52155018          0.89655894           -2.62499124         
1.26         -3.39287531          0.767884135          -2.62499118         
1.27         -3.27745378          0.652463555          -2.62499022         
1.28         -3.17425132          0.549258471          -2.62499285         
1.29         -3.0823009           0.457307935          -2.62499297         
1.3          -3.00073385          0.375739396          -2.62499446         
1.31         -2.92876625          0.303773642          -2.62499261         
1.32         -2.86571825          0.240722567          -2.62499568         
1.33         -2.81098008          0.185985953          -2.62499413         
1.34         -2.76404196          0.139046311          -2.62499565         
1.35         -2.72446203          0.0994633064         -2.62499873         
1.36         -2.69186586          0.0668689162         -2.62499695         
1.37         -2.6659584           0.0409626104         -2.62499579         
1.38         -2.64650238          0.0215072595         -2.62499512         
1.39         -2.63332289          0.00832591392        -2.62499698         
1.4          -2.62629658          0.00129924889        -2.62499733         
1.41         -2.6253612           0.000363859872       -2.62499734         
1.42         -2.63050944          0.00551132299        -2.62499811         
1.43         -2.64178759          0.0167880654         -2.62499952         
1.44         -2.65929383          0.0342960581         -2.62499777         
1.45         -2.68319052          0.0581942424         -2.62499628         
1.46         -2.7136935           0.0887008682         -2.62499263         
1.47         -2.75109154          0.126096636          -2.6249949          
1.48         -2.79572475          0.170728326          -2.62499642         
1.49         -2.84800619          0.223013371          -2.62499282         
1.5          -2.90843707          0.283444941          -2.62499213         
1.51         -2.97759211          0.352597475          -2.62499464         
1.52         -3.05612576          0.431131423          -2.62499434         
1.53         -3.14478993          0.519797623          -2.62499231         
1.54         -3.24443328          0.619439721          -2.62499356         
1.55         -3.355986            0.730992734          -2.62499326         
1.56         -3.48046732          0.85547322           -2.6249941          
1.57         -3.61895478          0.99395895           -2.62499583         
1.58         -3.77254379          1.14754736           -2.62499642         
1.59         -3.94227755          1.31728268           -2.62499487         
1.6          -4.12902761          1.50403166           -2.62499595         
1.61         -4.3332746           1.70827746           -2.62499714         
1.62         -4.55478179          1.92978644           -2.62499535         
1.63         -4.79207253          2.16707993           -2.62499261         
1.64         -5.04161417          2.41661882           -2.62499535         
1.65         -5.29656172          2.67155552           -2.6250062          
1.66         -5.54494858          2.91992545           -2.62502313         
1.67         -5.76722217          3.14217782           -2.62504435         
1.68         -5.93329382          3.30821514           -2.62507868         
1.69         -5.99999821          3.37487411           -2.6251241          
1.7          -5.91163337          3.28645563           -2.62517774         
1.71         -5.60905659          2.9838357            -2.62522089         
1.72         -5.05561209          2.4303875            -2.62522459         
1.73         -4.28415513          1.65901458           -2.62514055         
1.74         -3.44688284          0.821897328          -2.62498552         
1.75         -2.80976379          0.184947535          -2.62481625         
1.76         -2.63424951          0.00948253367        -2.62476697         
1.77         -3.00056791          0.375689745          -2.62487817         
1.78         -3.74519026          1.12015057           -2.6250397          
1.79         -4.58454537          1.9593637            -2.62518167         
1.8          -5.28691399          2.66169524           -2.62521875         
1.81         -5.7476517           3.12245941           -2.62519228         
1.82         -5.96574426          3.34060287           -2.62514138         
1.83         -5.99044847          3.36535835           -2.62509012         
1.84         -5.88157654          3.25652933           -2.62504721         
1.85         -5.69069624          3.06568098           -2.62501526         
1.86         -5.45601904          2.83102036           -2.62499869         
1.87         -5.20342898          2.57844591           -2.62498307         
1.88         -4.94938552          2.3244102            -2.62497532         
1.89         -4.70372343          2.07875729           -2.62496614         
1.9          -4.47190976          1.84694862           -2.62496114         
1.91         -4.25661492          1.63165379           -2.62496114         
1.92         -4.05878127          1.4338181            -2.62496316         
1.93         -3.87832797          1.25336492           -2.62496305         
1.94         -3.7146045           1.08964026           -2.62496424         
1.95         -3.56665742          0.941693723          -2.6249637          
1.96         -3.43341351          0.80845052           -2.62496299         
1.97         -3.31378055          0.688813865          -2.62496668         
1.98         -3.20669031          0.581724882          -2.62496543         
1.99         -3.11116147          0.486195177          -2.62496629         
2            -3.02628851          0.401322424          -2.62496608         
2.01         -2.95126122          0.326296926          -2.6249643          
2.02         -2.88536918          0.26040113           -2.62496805         
2.03         -2.82797259          0.203006655          -2.62496594         
2.04         -2.77853608          0.1535694            -2.62496668         
2.05         -2.73659313          0.111624539          -2.62496859         
2.06         -2.70174694          0.0767809227         -2.62496602         
2.07         -2.67368084          0.0487163886         -2.62496445         
2.08         -2.65213752          0.0271734707         -2.62496405         
2.09         -2.63691849          0.0119558517         -2.62496263         
2.1          -2.62788785          0.00292557711        -2.62496227         
2.11         -2.62496459          1.08950439e-06       -2.62496351         
2.12         -2.62812066          0.00315602729        -2.62496463         
2.13         -2.63738286          0.0124188382         -2.62496403         
2.14         -2.65283453          0.0278731752         -2.62496136         
2.15         -2.67462158          0.0496591404         -2.62496244         
2.16         -2.70293498          0.0779753178         -2.62495966         
2.17         -2.73804152          0.1130815            -2.62496002         
2.18         -2.78026307          0.155302465          -2.6249606          
2.19         -2.82999015          0.205031931          -2.62495822         
2.2          -2.88769376          0.262737662          -2.6249561          
2.21         -2.95392412          0.328966916          -2.6249572          
2.22         -3.02930474          0.404351413          -2.62495333         
2.23         -3.11456537          0.489612043          -2.62495333         
2.24         -3.21051228          0.585562229          -2.62495005         
2.25         -3.31805706          0.693107367          -2.62494969         
2.26         -3.43819034          0.8132388            -2.62495154         
2.27         -3.57196856          0.947017729          -2.62495083         
2.28         -3.72048891          1.09554124           -2.62494767         
2.29         -3.88483214          1.25988245           -2.62494969         
2.3          -4.06593418          1.44098353           -2.62495065         
2.31         -4.26443338          1.6394825            -2.62495089         
2.32         -4.48037982          1.85542727           -2.62495255         
2.33         -4.71277285          2.08782125           -2.6249516          
2.34         -4.95886517          2.33391404           -2.62495112         
2.35         -5.21306956          2.58810902           -2.62496054         
2.36         -5.4653306           2.8403573            -2.6249733          
2.37         -5.69889772          3.07390451           -2.62499321         
2.38         -5.88746166          3.26243591           -2.62502575         
2.39         -5.99230492          3.36723852           -2.6250664          
2.4          -5.96140087          3.33628249           -2.62511837         
2.41         -5.73487651          3.10970592           -2.62517059         
2.42         -5.26450217          2.63931203           -2.62519014         
2.43         -4.55423641          1.92909408           -2.62514234         
2.44         -3.71352482          1.08852148           -2.62500334         
2.45         -2.97817075          0.353346854          -2.6248239          
2.46         -2.63067645          0.00596819352        -2.62470825         
2.47         -2.8266812           0.201915383          -2.62476581         
2.48         -3.47675085          0.851785362          -2.62496549         
2.49         -4.31587672          1.69075775           -2.62511897         
2.5          -5.08100653          2.45581913           -2.6251874          
2.51         -5.62496173          2.99978161           -2.62518013         
2.52         -5.91851699          3.2933836            -2.6251334          
2.53         -5.99991632          3.37483644           -2.62507987         
2.54         -5.9285084           3.3034749            -2.6250335          
2.55         -5.75961363          3.13461304           -2.6250006          
2.56         -5.53587735          2.91090083           -2.62497652         
2.57         -5.2869451           2.66198111           -2.624964           
2.58         -5.03202438          2.40706801           -2.62495637         
2.59         -4.78284037          2.15789127           -2.6249491          
2.6          -4.54608428          1.92114449           -2.6249398          
2.61         -4.32520831          1.70027065           -2.62493765         
2.62         -4.12162471          1.49668598           -2.62493873         
2.63         -3.93552876          1.31059098           -2.62493777         
2.64         -3.76642084          1.14148211           -2.62493873         
2.65         -3.6134212           0.988483191          -2.62493801         
2.66         -3.47548485          0.850546002          -2.62493885         
2.67         -3.35151172          0.726572394          -2.62493932         
2.68         -3.24042714          0.615486622          -2.62494051         
2.69         -3.14121509          0.516274512          -2.62494057         
2.7          -3.05294716          0.428004682          -2.62494248         
2.71         -2.97477955          0.349837363          -2.62494218         
2.72         -2.90596533          0.281024486          -2.62494084         
2.73         -2.84585291          0.220909193          -2.62494372         
2.74         -2.79386276          0.168920323          -2.62494244         
2.75         -2.74951208          0.124567643          -2.62494443         
2.76         -2.71238369          0.0874363929         -2.62494729         
2.77         -2.68212909          0.057182312          -2.62494677         
2.78         -2.65847075          0.0335272253         -2.62494352         
2.79         -2.64120036          0.0162551217         -2.62494524         
2.8          -2.63015503          0.00520918332        -2.62494584         
2.81         -2.62523657          0.000289558317       -2.62494701         
2.82         -2.62639529          0.00145187811        -2.62494341         
2.83         -2.63365102          0.00870661531        -2.6249444          
2.84         -2.64706653          0.0221192501         -2.62494728         
2.85         -2.66675717          0.0418112315         -2.62494593         
2.86         -2.69290692          0.0679616705         -2.62494525         
2.87         -2.72575217          0.100809947          -2.62494223         
2.88         -2.76560497          0.140659094          -2.62494588         
2.89         -2.81282473          0.187879682          -2.62494504         
2.9          -2.86785811          0.242914826          -2.62494329         
2.91         -2.93122995          0.306284964          -2.62494498         
2.92         -3.00353873          0.378593624          -2.6249451          
2.93         -3.08547664          0.46053195           -2.62494469         
2.94         -3.17782581          0.552883148          -2.62494266         
2.95         -3.28146529          0.656522393          -2.6249429          
2.96         -3.39735675          0.772414327          -2.62494242         
2.97         -3.52653801          0.901600122          -2.62493789         
2.98         -3.67010951          1.04516983           -2.62493968         
2.99         -3.82915306          1.20421338           -2.62493968         
3            -4.00467002          1.37973082           -2.6249392          
