0	-2.62503052	3.03753477e-05	-2.62500024
0.0100000007	-2.62867975	0.00367872836	-2.62500095
0.0200000014	-2.63844061	0.0134398341	-2.62500072
0.0300000012	-2.65440226	0.0294018835	-2.62500048
0.0400000028	-2.67670918	0.0517096445	-2.62499952
0.0500000007	-2.70556355	0.0805665329	-2.6249969
0.0600000024	-2.74123597	0.116237476	-2.62499857
0.0700000003	-2.78405309	0.15905267	-2.62500048
0.0800000057	-2.83441234	0.20941174	-2.62500048
0.0900000036	-2.89278865	0.267788768	-2.625
0.100000001	-2.95973635	0.334737599	-2.62499881
0.110000007	-3.03589392	0.410896838	-2.62499714
0.120000005	-3.12199116	0.496994913	-2.62499619
0.13000001	-3.2188499	0.593852878	-2.62499714
0.140000001	-3.32737827	0.702383578	-2.62499475
0.150000006	-3.44858027	0.823584914	-2.62499523
0.160000011	-3.58351707	0.95852232	-2.62499475
0.170000002	-3.73328638	1.10829365	-2.62499285
0.180000007	-3.89895964	1.27396584	-2.6249938
0.190000013	-4.08146143	1.45646441	-2.62499714
0.200000003	-4.28138876	1.65639162	-2.62499714
0.210000008	-4.49872637	1.87373006	-2.62499619
0.220000014	-4.73236513	2.10737181	-2.62499332
0.230000004	-4.97937489	2.35437989	-2.62499499
0.24000001	-5.23386621	2.60886431	-2.62500191
0.25	-5.48533916	2.86032391	-2.62501526
0.26000002	-5.71637487	3.0913372	-2.62503767
0.270000011	-5.89974928	3.27467918	-2.6250701
0.280000001	-5.99565125	3.37053823	-2.62511301
0.290000021	-5.95107603	3.32591105	-2.62516499
0.300000012	-5.70611811	3.08090448	-2.62521362
0.310000002	-5.21498775	2.58975697	-2.62523079
0.320000023	-4.48825121	1.86308455	-2.62516665
0.330000013	-3.64582729	1.0207994	-2.62502789
0.340000004	-2.93196774	0.307124972	-2.62484264
0.350000024	-2.62589407	0.00114487624	-2.62474918
0.360000014	-2.86556482	0.240735859	-2.62482905
0.370000005	-3.54204082	0.917040646	-2.62500024
0.380000025	-4.38382387	1.7586633	-2.62516069
0.390000015	-5.13462305	2.50939679	-2.62522626
0.400000006	-5.65800142	3.03278661	-2.62521482
0.410000026	-5.93232012	3.30715275	-2.62516737
0.420000017	-5.99900532	3.37389135	-2.62511396
0.430000007	-5.91774035	3.29267049	-2.62506986
0.440000027	-5.7429738	3.11793637	-2.62503743
0.450000018	-5.5162406	2.89122486	-2.62501574
0.460000008	-5.266222	2.64122105	-2.62500095
0.470000029	-5.0114131	2.38641977	-2.62499332
0.480000019	-4.76304531	2.13806057	-2.62498474
0.49000001	-4.52748871	1.90251255	-2.62497616
0.5	-4.3079915	1.68301463	-2.62497687
0.51000005	-4.10583687	1.48086131	-2.62497568
0.520000041	-3.92115331	1.29617572	-2.62497759
0.530000031	-3.75339198	1.12841582	-2.62497616
0.540000021	-3.60166168	0.976684391	-2.62497735
0.550000012	-3.46490526	0.839925885	-2.6249795
0.560000002	-3.34202123	0.717041969	-2.62497926
0.570000052	-3.23193979	0.606960595	-2.62497926
0.580000043	-3.13365555	0.508673906	-2.62498164
0.590000033	-3.04623747	0.421257824	-2.62497973
0.600000024	-2.96885896	0.34387967	-2.62497926
0.610000014	-2.90077853	0.275799513	-2.62497902
0.620000005	-2.84134746	0.216367185	-2.62498021
0.630000055	-2.7899971	0.165018529	-2.62497854
0.640000045	-2.74624968	0.121269532	-2.62498021
0.650000036	-2.70969605	0.0847114548	-2.6249845
0.660000026	-2.67998648	0.0550056249	-2.62498093
0.670000017	-2.65685916	0.0318790153	-2.62498021
0.680000007	-2.64010096	0.0151205529	-2.62498045
0.690000057	-2.62956023	0.00457814708	-2.62498212
0.700000048	-2.62513995	0.000156519658	-2.62498355
0.710000038	-2.62680125	0.00181580905	-2.62498546
0.720000029	-2.63455629	0.00957097858	-2.62498522
0.730000019	-2.64847875	0.0234920345	-2.62498665
0.74000001	-2.6686902	0.0437050648	-2.62498522
0.75000006	-2.6953783	0.0703940094	-2.62498426
0.76000005	-2.72878504	0.103803322	-2.62498164
0.770000041	-2.76922584	0.144241363	-2.6249845
0.780000031	-2.81706882	0.19208464	-2.62498426
0.790000021	-2.8727622	0.247782081	-2.62498021
0.800000012	-2.9368434	0.311861068	-2.62498236
0.810000062	-3.00991297	0.384931952	-2.62498093
0.820000052	-3.09267545	0.467693448	-2.62498188
0.830000043	-3.18591523	0.560935855	-2.6249795
0.840000033	-3.2905221	0.665542543	-2.6249795
0.850000024	-3.40746403	0.78248477	-2.62497926
0.860000014	-3.53778791	0.912808776	-2.62497902
0.870000064	-3.68258595	1.05760717	-2.62497878
0.880000055	-3.84294772	1.21796632	-2.6249814
0.890000045	-4.01985407	1.39487398	-2.62497997
0.900000036	-4.21404314	1.58906364	-2.6249795
0.910000026	-4.42574549	1.80076385	-2.62498164
0.920000017	-4.65426683	2.02928829	-2.62497854
0.930000067	-4.89737797	2.27239943	-2.62497854
0.940000057	-5.15031385	2.52532864	-2.62498522
0.950000048	-5.40429831	2.7793045	-2.6249938
0.960000038	-5.6444788	3.01946402	-2.62501478
0.970000029	-5.84716749	3.22212505	-2.62504244
0.980000019	-5.9769125	3.35183144	-2.62508106
0.990000069	-5.98480177	3.35966992	-2.62513185
1	-5.81177235	3.18658805	-2.6251843
1.00999999	-5.40384388	2.77862811	-2.62521577
1.0200001	-4.74727964	2.12209511	-2.62518454
1.03000009	-3.9212594	1.29618967	-2.62506962
1.04000008	-3.13311481	0.508222997	-2.62489176
1.05000007	-2.6679039	0.0431481637	-2.62475562
1.06000006	-2.72887945	0.104100399	-2.62477899
1.07000005	-3.28800201	0.663061857	-2.62494016
1.08000004	-4.10796261	1.48285341	-2.6251092
1.09000003	-4.91012096	2.28492045	-2.62520051
1.10000002	-5.51495028	2.88973951	-2.62521076
1.11000001	-5.8681531	3.24298191	-2.62517118
1.12	-5.99640989	3.37129211	-2.62511778
1.13	-5.95702934	3.33195949	-2.62506986
1.1400001	-5.80760717	3.18257284	-2.62503433
1.1500001	-5.5941329	2.96912646	-2.62500644
1.16000009	-5.34926081	2.7242713	-2.62498951
1.17000008	-5.0944829	2.46950293	-2.62497997
1.18000007	-4.84311342	2.21813822	-2.6249752
1.19000006	-4.60288572	1.97791862	-2.6249671
1.20000005	-4.37791443	1.75295234	-2.62496209
1.21000004	-4.17002678	1.54506564	-2.62496114
1.22000003	-3.97966003	1.35470045	-2.62495947
1.23000002	-3.80645037	1.18148935	-2.6249609
1.24000001	-3.64958954	1.0246259	-2.62496376
1.25	-3.50805306	0.883089662	-2.62496328
1.26000011	-3.38074899	0.755786896	-2.62496209
1.2700001	-3.26659298	0.641631603	-2.62496138
1.28000009	-3.16455746	0.539592564	-2.62496495
1.29000008	-3.07367992	0.448716342	-2.62496352
1.30000007	-2.99310613	0.368140042	-2.62496614
1.31000006	-2.92205954	0.297093749	-2.62496567
1.32000005	-2.85986519	0.234898269	-2.62496686
1.33000004	-2.80592561	0.180961862	-2.62496376
1.34000003	-2.75974107	0.134774938	-2.62496614
1.35000002	-2.72087336	0.0959046483	-2.62496877
1.36000001	-2.68895864	0.0639899299	-2.62496877
1.37000012	-2.66370416	0.0387367234	-2.62496734
1.38000011	-2.64487934	0.0199140403	-2.62496519
1.3900001	-2.63231444	0.00735079497	-2.62496376
1.4000001	-2.62589717	0.000933286618	-2.624964
1.41000009	-2.62556887	0.000603611756	-2.62496519
1.42000008	-2.63132429	0.00635880046	-2.62496543
1.43000007	-2.64321709	0.0182507783	-2.62496638
1.44000006	-2.66135168	0.0363870822	-2.62496471
1.45000005	-2.68589568	0.0609325022	-2.62496328
1.46000004	-2.71707082	0.092111297	-2.62495947
1.47000003	-2.75517392	0.130210564	-2.62496328
1.48000002	-2.80054855	0.175583944	-2.62496471
1.49000013	-2.85361743	0.228656128	-2.62496138
1.50000012	-2.91489053	0.289928287	-2.62496233
1.51000011	-2.98494411	0.359982789	-2.62496138
1.5200001	-3.0644505	0.439489156	-2.62496138
1.53000009	-3.1541667	0.529207587	-2.62495899
1.54000008	-3.25494981	0.629990578	-2.62495923
1.55000007	-3.36773992	0.742781878	-2.62495804
1.56000006	-3.49356341	0.868605733	-2.62495756
1.57000005	-3.63349938	1.00854373	-2.62495565
1.58000004	-3.78864813	1.16369188	-2.62495613
1.59000003	-3.96003771	1.3350842	-2.62495351
1.60000002	-4.14851427	1.52355933	-2.62495494
1.61000013	-4.3545022	1.72954679	-2.62495542
1.62000012	-4.57767105	1.95271635	-2.6249547
1.63000011	-4.81638384	2.19142962	-2.62495422
1.6400001	-5.06683493	2.44188046	-2.62495446
1.6500001	-5.32176924	2.69680476	-2.62496448
1.66000009	-5.56858873	2.94360685	-2.62498188
1.67000008	-5.78682756	3.1618228	-2.62500477
1.68000007	-5.94518852	3.32014918	-2.62503934
1.69000006	-5.99915266	3.3740654	-2.62508726
1.70000005	-5.89205933	3.26691818	-2.62514114
1.71000004	-5.56549358	2.94030976	-2.62518382
1.72000003	-4.98728657	2.36210871	-2.62517786
1.73000014	-4.20025778	1.57516766	-2.62509012
1.74000013	-3.36972141	0.744784176	-2.6249373
1.75000012	-2.76840162	0.143639952	-2.62476158
1.76000011	-2.6472888	0.0225584097	-2.62473035
1.7700001	-3.06191254	0.437065601	-2.62484694
1.78000009	-3.82895994	1.20394087	-2.62501907
1.79000008	-4.66316414	2.03802061	-2.62514353
1.80000007	-5.34413958	2.71895981	-2.62517977
1.81000006	-5.77959347	3.1544404	-2.62515306
1.82000005	-5.97586155	3.35076213	-2.62509942
1.83000004	-5.98466587	3.35961819	-2.62504768
1.84000003	-5.86554813	3.24054003	-2.62500811
1.85000014	-5.66882706	3.04384756	-2.6249795
1.86000013	-5.43138552	2.80642629	-2.62495923
1.87000012	-5.17804241	2.55309677	-2.62494564
1.88000011	-4.92447948	2.29953861	-2.62494087
1.8900001	-4.68000412	2.05507088	-2.62493324
1.9000001	-4.44974422	1.82481742	-2.62492681
1.91000009	-4.23616266	1.61123586	-2.62492681
1.92000008	-4.04006863	1.41514182	-2.62492681
1.93000007	-3.86131263	1.23638546	-2.62492704
1.94000006	-3.69920254	1.07427287	-2.62492967
1.95000005	-3.55276394	0.927835643	-2.62492824
1.96000004	-3.42092085	0.795992255	-2.62492847
1.97000015	-3.30257559	0.677647829	-2.62492776
1.98000014	-3.19667935	0.57174927	-2.62493014
1.99000013	-3.102247	0.477316171	-2.62493086
2	-3.01838803	0.393455565	-2.62493253
2.00999999	-2.94429922	0.319366664	-2.62493253
2.01999998	-2.87927365	0.254341066	-2.62493253
2.03000021	-2.8226912	0.197758958	-2.62493229
2.0400002	-2.77401757	0.149084479	-2.624933
2.05000019	-2.73279595	0.107860185	-2.62493587
2.06000018	-2.69863749	0.0737020373	-2.62493539
2.07000017	-2.67122841	0.0462944917	-2.62493396
2.08000016	-2.65031862	0.0253862813	-2.62493229
2.09000015	-2.63572073	0.0107869841	-2.62493372
2.10000014	-2.62729931	0.00236433186	-2.62493491
2.11000013	-2.62497592	4.22776247e-05	-2.62493372
2.12000012	-2.62873483	0.00379989156	-2.62493491
2.13000011	-2.63860583	0.0136710592	-2.62493467
2.1400001	-2.65468168	0.029744966	-2.62493682
2.1500001	-2.67710233	0.0521673933	-2.62493491
2.16000009	-2.706074	0.0811428502	-2.6249311
2.17000008	-2.7418704	0.116937362	-2.624933
2.18000007	-2.78481722	0.159882352	-2.62493491
2.19000006	-2.83531237	0.210378736	-2.62493372
2.20000005	-2.89383698	0.268901855	-2.62493515
2.21000004	-2.96094227	0.336007029	-2.62493515
2.22000003	-3.03726935	0.412334561	-2.62493467
2.23000002	-3.12354994	0.49861449	-2.62493539
2.24000001	-3.22060204	0.595669508	-2.62493253
2.25	-3.32934666	0.704413652	-2.624933
2.25999999	-3.45078015	0.825846553	-2.62493372
2.27000022	-3.58596849	0.961034238	-2.6249342
2.28000021	-3.73600721	1.11107564	-2.62493157
2.2900002	-3.90196633	1.27703524	-2.6249311
2.30000019	-4.08476686	1.45983517	-2.62493181
2.31000018	-4.28500319	1.66007018	-2.624933
2.32000017	-4.5026412	1.8777076	-2.62493372
2.33000016	-4.73654699	2.11161566	-2.62493134
2.34000015	-4.98375034	2.35881639	-2.62493396
2.35000014	-5.23829937	2.61335659	-2.62494278
2.36000013	-5.4895916	2.86463547	-2.62495613
2.37000012	-5.72006559	3.09508657	-2.62497902
2.38000011	-5.90230131	3.27728844	-2.62501287
2.3900001	-5.99624681	3.37119246	-2.62505436
2.4000001	-5.94869614	3.32358837	-2.62510777
2.41000009	-5.69975185	3.07459497	-2.62515688
2.42000008	-5.204175	2.57900524	-2.62516975
2.43000007	-4.4740119	1.8488977	-2.6251142
2.44000006	-3.63141489	1.0064435	-2.62497139
2.45000005	-2.92239904	0.297604799	-2.62479424
2.46000004	-2.62529898	0.000602594228	-2.62469649
2.47000003	-2.8742137	0.249435723	-2.62477803
2.48000002	-3.55612707	0.931161761	-2.62496519
2.49000001	-4.3982563	1.77313781	-2.62511849
2.5	-5.14588261	2.5206995	-2.62518311
2.51000023	-5.66485167	3.03967762	-2.62517405
2.52000022	-5.93509436	3.30996609	-2.62512827
2.53000021	-5.99868155	3.37360597	-2.62507558
2.5400002	-5.91534901	3.29031849	-2.62503052
2.55000019	-5.73935843	3.11435866	-2.62499976
2.56000018	-5.51200581	2.88702703	-2.62497878
2.57000017	-5.26176739	2.63680315	-2.62496424
2.58000016	-5.00698853	2.38203406	-2.62495446
2.59000015	-4.75879955	2.13385296	-2.62494659
2.60000014	-4.52350283	1.89856267	-2.62494016
2.61000013	-4.30429602	1.67936003	-2.6249361
2.62000012	-4.10244703	1.47751129	-2.62493563
2.63000011	-3.91806364	1.29312623	-2.62493753
2.6400001	-3.75058937	1.12565327	-2.6249361
2.6500001	-3.59912801	0.974191785	-2.6249361
2.66000009	-3.46262288	0.837684095	-2.62493873
2.67000008	-3.33997226	0.71503222	-2.62493992
2.68000007	-3.23010397	0.60516417	-2.62493992
2.69000006	-3.13201475	0.507073939	-2.62494087
2.70000005	-3.04478025	0.419839144	-2.62494111
2.71000004	-2.96756983	0.342628181	-2.62494159
2.72000003	-2.89964581	0.274703145	-2.62494278
2.73000002	-2.84035945	0.215415403	-2.62494397
2.74000025	-2.78914523	0.164202109	-2.62494302
2.75000024	-2.74552512	0.120580718	-2.62494445
2.76000023	-2.70909071	0.0841436088	-2.62494707
2.77000022	-2.67949843	0.0545533709	-2.62494516
2.78000021	-2.65648222	0.0315380543	-2.62494421
2.7900002	-2.63982987	0.0148876235	-2.6249423
2.80000019	-2.62939429	0.00445097871	-2.62494326
2.81000018	-2.62507725	0.000133790134	-2.62494349
2.82000017	-2.62683964	0.00189712888	-2.62494254
2.83000016	-2.63469911	0.00975688826	-2.6249423
2.84000015	-2.64872503	0.0237840228	-2.62494111
2.85000014	-2.66904545	0.0441055559	-2.62493992
2.86000013	-2.69584346	0.0709064379	-2.62493706
2.87000012	-2.72936678	0.104432181	-2.62493467
2.88000011	-2.76992965	0.144992307	-2.6249373
2.8900001	-2.81790209	0.192964464	-2.62493753
2.9000001	-2.87373447	0.248798892	-2.62493563
2.91000009	-2.93796134	0.313024253	-2.62493706
2.92000008	-3.01118541	0.386252403	-2.624933
2.93000007	-3.09411788	0.469183624	-2.6249342
2.94000006	-3.18754292	0.562609732	-2.62493324
2.95000005	-3.29235077	0.667415559	-2.62493515
2.96000004	-3.40950727	0.784573674	-2.62493372
2.97000003	-3.54006505	0.915131629	-2.62493348
2.98000026	-3.68511486	1.06018269	-2.62493229
2.99000025	-3.84574294	1.22081196	-2.62493086
3.00000024	-4.02293682	1.39800501	-2.62493181
