Time [s]     Potential            Kinetic              Total               
---------------------------------------------------------------------------
0            -6                   0.66618263           -5.33381737         
0.01         -5.99637687          0.662560321          -5.33381655         
0.02         -5.98624235          0.652426668          -5.33381569         
0.03         -5.97069257          0.636877708          -5.33381487         
0.04         -5.95076805          0.61695376           -5.33381429         
0.05         -5.92742229          0.593608271          -5.33381401         
0.06         -5.90151298          0.567699336          -5.33381364         
0.07         -5.87380803          0.539995186          -5.33381284         
0.08         -5.84499711          0.511184476          -5.33381263         
0.09         -5.81570065          0.481888108          -5.33381254         
0.1          -5.78648043          0.452668197          -5.33381223         
0.11         -5.75784588          0.424033917          -5.33381196         
0.12         -5.73025423          0.396442315          -5.33381192         
0.13         -5.70410752          0.37029583           -5.33381169         
0.14         -5.67974782          0.345937377          -5.33381044         
0.15         -5.65745485          0.32364377           -5.33381108         
0.16         -5.63743144          0.303620191          -5.33381125         
0.17         -5.61980754          0.28599673           -5.33381081         
0.18         -5.60463959          0.270828191          -5.3338114          
0.19         -5.59191006          0.258098196          -5.33381187         
0.2          -5.58153993          0.247726893          -5.33381304         
0.21         -5.57339442          0.239582049          -5.33381237         
0.22         -5.56730402          0.233491799          -5.33381222         
0.23         -5.56307006          0.229257802          -5.33381226         
0.24         -5.56047904          0.226667261          -5.33381178         
0.25         -5.55931455          0.225502664          -5.33381188         
0.26         -5.55936033          0.225547975          -5.33381235         
0.27         -5.56040478          0.226591989          -5.33381279         
0.28         -5.5622406           0.228428161          -5.33381244         
0.29         -5.5646652           0.230852501          -5.3338127          
0.3          -5.56747282          0.233659914          -5.3338129          
0.31         -5.57045388          0.236641053          -5.33381283         
0.32         -5.57339388          0.239580685          -5.3338132          
0.33         -5.57607335          0.242259488          -5.33381386         
0.34         -5.57827413          0.24446003           -5.3338141          
0.35         -5.57979339          0.245978706          -5.33381469         
0.36         -5.58045834          0.246643476          -5.33381487         
0.37         -5.58015203          0.246336891          -5.33381514         
0.38         -5.57883835          0.245022897          -5.33381545         
0.39         -5.57658803          0.242772656          -5.33381538         
0.4          -5.57360065          0.239785735          -5.33381492         
0.41         -5.57021391          0.236398785          -5.33381513         
0.42         -5.56689054          0.233075885          -5.33381465         
0.43         -5.56419075          0.230376379          -5.33381437         
0.44         -5.56271273          0.228899375          -5.33381335         
0.45         -5.56302458          0.229211061          -5.33381352         
0.46         -5.56557912          0.231766299          -5.33381282         
0.47         -5.57065302          0.236840146          -5.33381288         
0.48         -5.57829815          0.244485501          -5.33381265         
0.49         -5.5883404           0.2545271            -5.3338133          
0.5          -5.6004079           0.266593834          -5.33381406         
0.51         -5.61399746          0.280182936          -5.33381452         
0.52         -5.62855506          0.294740486          -5.33381457         
0.53         -5.64355683          0.309742409          -5.33381442         
0.54         -5.65857583          0.324760605          -5.33381523         
0.55         -5.67332065          0.339505713          -5.33381494         
0.56         -5.68765867          0.353843509          -5.33381516         
0.57         -5.70160252          0.367787812          -5.33381471         
0.58         -5.71529096          0.381475805          -5.33381516         
0.59         -5.7289477           0.395132798          -5.3338149          
0.6          -5.74284762          0.409032637          -5.33381498         
0.61         -5.75727332          0.423458936          -5.33381438         
0.62         -5.77248359          0.438669671          -5.33381392         
0.63         -5.78868008          0.454865909          -5.33381417         
0.64         -5.80597872          0.472164955          -5.33381376         
0.65         -5.82438898          0.490575896          -5.33381309         
0.66         -5.84378856          0.5099758            -5.33381276         
0.67         -5.86389714          0.530084101          -5.33381304         
0.68         -5.8842473           0.550433582          -5.33381372         
0.69         -5.9041518           0.570337567          -5.33381423         
0.7          -5.92266965          0.588854324          -5.33381533         
0.71         -5.93857038          0.604754388          -5.33381599         
0.72         -5.95031869          0.616500944          -5.33381775         
0.73         -5.95608324          0.622263432          -5.33381981         
0.74         -5.9538148           0.619993158          -5.33382165         
0.75         -5.94142675          0.607603461          -5.33382329         
0.76         -5.91712254          0.583298352          -5.33382419         
0.77         -5.87990618          0.546082001          -5.33382418         
0.78         -5.83024859          0.496425454          -5.33382314         
0.79         -5.7707774           0.43695724           -5.33382016         
0.8          -5.70671076          0.372895245          -5.33381551         
0.81         -5.64563072          0.311821204          -5.33380951         
0.82         -5.59628707          0.262482304          -5.33380477         
0.83         -5.56649131          0.232690576          -5.33380073         
0.84         -5.56079334          0.226991547          -5.33380179         
0.85         -5.57895881          0.245154403          -5.33380441         
0.86         -5.61608565          0.282276724          -5.33380893         
0.87         -5.66426414          0.330449898          -5.33381424         
0.88         -5.71494591          0.381127957          -5.33381796         
0.89         -5.76097435          0.427154388          -5.33381996         
0.9          -5.79765975          0.463838836          -5.33382092         
0.91         -5.82289124          0.489070302          -5.33382093         
0.92         -5.83663249          0.502813839          -5.33381865         
0.93         -5.84020334          0.506386971          -5.33381637         
0.94         -5.83560443          0.5017894            -5.33381503         
0.95         -5.82501847          0.491205128          -5.33381334         
0.96         -5.8105036           0.476691488          -5.33381211         
0.97         -5.79383063          0.460019257          -5.33381138         
0.98         -5.77642673          0.442616325          -5.33381041         
0.99         -5.75938427          0.425573599          -5.33381068         
1            -5.74349254          0.409682322          -5.33381022         
1.01         -5.72929305          0.395483244          -5.3338098          
1.02         -5.71712488          0.383316206          -5.33380867         
1.03         -5.70717323          0.373362912          -5.33381032         
1.04         -5.69949007          0.365681559          -5.33380851         
1.05         -5.69403815          0.360230749          -5.3338074          
1.06         -5.69069475          0.356886851          -5.3338079          
1.07         -5.68926239          0.355455237          -5.33380715         
1.08         -5.68948913          0.355681326          -5.3338078          
1.09         -5.6910733           0.357264996          -5.3338083          
1.1          -5.69368935          0.359881703          -5.33380764         
1.11         -5.69701934          0.363211667          -5.33380767         
1.12         -5.70078272          0.366975367          -5.33380735         
1.13         -5.70477873          0.370970462          -5.33380827         
1.14         -5.70890933          0.375101071          -5.33380826         
1.15         -5.71319836          0.379390493          -5.33380787         
1.16         -5.71777654          0.383968471          -5.33380807         
1.17         -5.72283834          0.389030641          -5.3338077          
1.18         -5.72858101          0.394773841          -5.33380717         
1.19         -5.73512673          0.401319142          -5.33380759         
1.2          -5.74244726          0.408639614          -5.33380764         
1.21         -5.75031978          0.416511334          -5.33380844         
1.22         -5.7583102           0.424501434          -5.33380876         
1.23         -5.76580721          0.431998491          -5.33380872         
1.24         -5.77208829          0.438279122          -5.33380917         
1.25         -5.77640939          0.442599528          -5.33380986         
1.26         -5.77810329          0.444293618          -5.33380967         
1.27         -5.7766729           0.442862757          -5.33381014         
1.28         -5.77185482          0.438044675          -5.33381014         
1.29         -5.76366442          0.42985405           -5.33381037         
1.3          -5.75240231          0.418592215          -5.33381009         
1.31         -5.73863477          0.404825218          -5.33380955         
1.32         -5.72314149          0.389332414          -5.33380908         
1.33         -5.70683843          0.373030104          -5.33380833         
1.34         -5.69068569          0.356877699          -5.33380799         
1.35         -5.67558569          0.341777332          -5.33380836         
1.36         -5.66228843          0.328481317          -5.33380711         
1.37         -5.65132809          0.317521505          -5.33380658         
1.38         -5.64297855          0.309171572          -5.33380698         
1.39         -5.637254            0.303446874          -5.33380713         
1.4          -5.63394541          0.300139278          -5.33380613         
1.41         -5.63268304          0.298876166          -5.33380687         
1.42         -5.63299727          0.299189802          -5.33380747         
1.43         -5.63439035          0.300583243          -5.33380711         
1.44         -5.63639063          0.302583162          -5.33380746         
1.45         -5.63858205          0.304773647          -5.3338084          
1.46         -5.64062041          0.306811947          -5.33380846         
1.47         -5.64223933          0.308429822          -5.33380951         
1.48         -5.64323574          0.309426628          -5.33380911         
1.49         -5.64346987          0.309660651          -5.33380922         
1.5          -5.6428535           0.309043739          -5.33380976         
1.51         -5.64135337          0.307543788          -5.33380958         
1.52         -5.63900596          0.30519581           -5.33381015         
1.53         -5.63593262          0.302122563          -5.33381006         
1.54         -5.63237035          0.298560288          -5.33381006         
1.55         -5.62869543          0.294884708          -5.33381072         
1.56         -5.62543821          0.291628977          -5.33380924         
1.57         -5.62329543          0.289484842          -5.33381058         
1.58         -5.62308615          0.289276939          -5.33380922         
1.59         -5.62571377          0.291905712          -5.33380805         
1.6          -5.63206625          0.298257892          -5.33380836         
1.61         -5.64290541          0.309095321          -5.33381009         
1.62         -5.65874922          0.324938144          -5.33381108         
1.63         -5.67977667          0.345966417          -5.33381025         
1.64         -5.7057699           0.371959971          -5.33380993         
1.65         -5.73610097          0.402289417          -5.33381156         
1.66         -5.76976877          0.435958525          -5.33381025         
1.67         -5.80549556          0.471683234          -5.33381233         
1.68         -5.8417986           0.507986408          -5.3338122          
1.69         -5.87709826          0.543284662          -5.3338136          
1.7          -5.90976572          0.575951323          -5.3338144          
1.71         -5.9381662           0.604351068          -5.33381513         
1.72         -5.96066767          0.626851498          -5.33381617         
1.73         -5.97564745          0.641830245          -5.3338172          
1.74         -5.98152405          0.647705352          -5.3338187          
1.75         -5.97683829          0.643018934          -5.33381936         
1.76         -5.9604274           0.626607082          -5.33382032         
1.77         -5.9316957           0.597875016          -5.33382068         
1.78         -5.89099234          0.557172184          -5.33382016         
1.79         -5.84002197          0.506203236          -5.33381873         
1.8          -5.78215832          0.448341777          -5.33381654         
1.81         -5.7224555           0.388642451          -5.33381305         
1.82         -5.66715896          0.333351209          -5.33380775         
1.83         -5.62265116          0.288846583          -5.33380458         
1.84         -5.59401524          0.260211247          -5.33380399         
1.85         -5.58372247          0.249915986          -5.33380649         
1.86         -5.59098136          0.257174155          -5.33380721         
1.87         -5.6120798           0.278268148          -5.33381165         
1.88         -5.64151132          0.307696211          -5.33381511         
1.89         -5.67345005          0.339632109          -5.33381794         
1.9          -5.70297492          0.369153337          -5.33382158         
1.91         -5.7267493           0.392926018          -5.33382328         
1.92         -5.74315345          0.409330323          -5.33382313         
1.93         -5.75201994          0.418198859          -5.33382108         
1.94         -5.75420564          0.420385381          -5.33382026         
1.95         -5.75114626          0.41732581           -5.33382045         
1.96         -5.74449885          0.410679124          -5.33381972         
1.97         -5.73589343          0.402073834          -5.33381959         
1.98         -5.72676951          0.392950803          -5.3338187          
1.99         -5.71829665          0.384478055          -5.33381859         
2            -5.7113353           0.37751618           -5.33381912         
2.01         -5.70643109          0.372612625          -5.33381847         
2.02         -5.70383197          0.370013408          -5.33381856         
2.03         -5.70350462          0.369684175          -5.33382045         
2.04         -5.70515901          0.371337228          -5.33382178         
2.05         -5.70828682          0.37446611           -5.33382071         
2.06         -5.7122094           0.378389208          -5.3338202          
2.07         -5.71612859          0.382307645          -5.33382094         
2.08         -5.71920323          0.385381637          -5.3338216          
2.09         -5.72065037          0.386828611          -5.33382176         
2.1          -5.71986318          0.386040775          -5.3338224          
2.11         -5.71653724          0.382714749          -5.33382249         
2.12         -5.71079487          0.376972804          -5.33382206         
2.13         -5.70326716          0.369445797          -5.33382136         
2.14         -5.69510055          0.361280348          -5.3338202          
2.15         -5.6878553           0.35403567           -5.33381963         
2.16         -5.68327475          0.349456843          -5.3338179          
2.17         -5.68296403          0.34914645           -5.33381758         
2.18         -5.6880222           0.354204455          -5.33381774         
2.19         -5.69874966          0.364931818          -5.33381784         
2.2          -5.71451259          0.380693851          -5.33381874         
2.21         -5.7338146           0.399995273          -5.33381932         
2.22         -5.75457215          0.42075078           -5.33382137         
2.23         -5.77450073          0.440677107          -5.33382362         
2.24         -5.79152679          0.457701948          -5.33382485         
2.25         -5.80411834          0.470294486          -5.33382385         
2.26         -5.81148487          0.477659887          -5.33382499         
2.27         -5.81360114          0.479778353          -5.33382278         
2.28         -5.81113046          0.477307302          -5.33382316         
2.29         -5.8052057           0.471382751          -5.33382295         
2.3          -5.79719102          0.463368848          -5.33382218         
2.31         -5.78842556          0.454605535          -5.33382003         
2.32         -5.78002167          0.446201197          -5.33382047         
2.33         -5.77272028          0.438900602          -5.33381968         
2.34         -5.76686245          0.433042951          -5.3338195          
2.35         -5.76242059          0.42859957           -5.33382102         
2.36         -5.75908822          0.42526654           -5.33382168         
2.37         -5.75640094          0.422578575          -5.33382237         
2.38         -5.75383621          0.420013715          -5.3338225          
2.39         -5.75089246          0.417069744          -5.33382272         
2.4          -5.74712968          0.413306426          -5.33382325         
2.41         -5.74218035          0.408357261          -5.33382309         
2.42         -5.73574656          0.401923219          -5.33382334         
2.43         -5.72758573          0.393761436          -5.3338243          
2.44         -5.717507            0.383682734          -5.33382427         
2.45         -5.70538944          0.371564805          -5.33382464         
2.46         -5.69121057          0.357386867          -5.3338237          
2.47         -5.67510706          0.34128332           -5.33382374         
2.48         -5.65743101          0.323607936          -5.33382307         
2.49         -5.63881671          0.30499367           -5.33382304         
2.5          -5.62020665          0.286383801          -5.33382285         
2.51         -5.60283732          0.269014119          -5.3338232          
2.52         -5.58814871          0.25432593           -5.33382278         
2.53         -5.57762873          0.243808168          -5.33382056         
2.54         -5.57260799          0.238787737          -5.33382026         
2.55         -5.57403165          0.240211548          -5.3338201          
2.56         -5.58229458          0.2484752            -5.33381938         
2.57         -5.59716529          0.263346206          -5.33381908         
2.58         -5.61782318          0.284004692          -5.33381849         
2.59         -5.64300793          0.309187222          -5.33382071         
2.6          -5.6712141           0.337392204          -5.3338219          
2.61         -5.70091462          0.36709255           -5.33382207         
2.62         -5.73073274          0.39690958           -5.33382316         
2.63         -5.75954497          0.425721891          -5.33382308         
2.64         -5.78652894          0.452705361          -5.33382358         
2.65         -5.81114             0.47731562           -5.33382438         
2.66         -5.83305621          0.499231637          -5.33382457         
2.67         -5.85210299          0.518278629          -5.33382437         
2.68         -5.86817044          0.53434597           -5.33382447         
2.69         -5.8811332           0.547308855          -5.33382434         
2.7          -5.89078695          0.556962419          -5.33382453         
2.71         -5.89679873          0.562973462          -5.33382527         
2.72         -5.89868313          0.564857539          -5.33382559         
2.73         -5.89581603          0.561989728          -5.3338263          
2.74         -5.88748729          0.553660493          -5.3338268          
2.75         -5.8730154           0.539188266          -5.33382714         
2.76         -5.85192025          0.518092684          -5.33382756         
2.77         -5.82414967          0.490321532          -5.33382814         
2.78         -5.79032665          0.456499746          -5.33382691         
2.79         -5.75196445          0.418138821          -5.33382563         
2.8          -5.71154016          0.377715901          -5.33382426         
2.81         -5.6723488           0.338526471          -5.33382233         
2.82         -5.63807577          0.304257397          -5.33381837         
2.83         -5.61214006          0.278322535          -5.33381752         
2.84         -5.59694403          0.26312544           -5.33381859         
2.85         -5.59331226          0.259494023          -5.33381824         
2.86         -5.60032475          0.266504705          -5.33382004         
2.87         -5.61558819          0.281766091          -5.3338221          
2.88         -5.63587219          0.302048637          -5.33382355         
2.89         -5.6578508           0.324025076          -5.33382573         
2.9          -5.67871779          0.344890408          -5.33382738         
2.91         -5.69655359          0.362725994          -5.33382759         
2.92         -5.71042037          0.376592379          -5.33382799         
2.93         -5.72024614          0.386419452          -5.33382668         
2.94         -5.72661471          0.392787725          -5.33382699         
2.95         -5.73050827          0.396682888          -5.33382538         
2.96         -5.73309696          0.399274252          -5.3338227          
2.97         -5.73556101          0.401739374          -5.33382164         
2.98         -5.73895949          0.405137833          -5.33382166         
2.99         -5.74414736          0.410325103          -5.33382226         
3            -5.75171757          0.417896003          -5.33382156         
