Time [s]     Potential            Kinetic              Total               
---------------------------------------------------------------------------
0            -6                   6.00000012           1.1920929e-07       
0.01         -5.95397455          5.954005             3.04579735e-05      
0.02         -5.83881551          5.83886766           5.21540642e-05      
0.03         -5.68120217          5.68126953           6.73532486e-05      
0.04         -5.50060701          5.50068533           7.83205032e-05      
0.05         -5.31246787          5.31255651           8.86321068e-05      
0.06         -5.12994599          5.13004202           9.60230827e-05      
0.07         -4.9641999           4.96430248           0.000102579594      
0.08         -4.82361799          4.8237232            0.000105202198      
0.09         -4.71271145          4.71281707           0.000105619431      
0.1          -4.63149786          4.63160253           0.000104665756      
0.11         -4.57586241          4.57596195           9.95397568e-05      
0.12         -4.53886876          4.53896332           9.45627689e-05      
0.13         -4.51254782          4.51263756           8.97347927e-05      
0.14         -4.48952529          4.48961198           8.66949558e-05      
0.15         -4.4640784           4.46416247           8.40723515e-05      
0.16         -4.43252337          4.4326067            8.33272934e-05      
0.17         -4.39308834          4.39317143           8.30888748e-05      
0.18         -4.34550042          4.34558433           8.39084387e-05      
0.19         -4.29050204          4.29058576           8.37147236e-05      
0.2          -4.22940867          4.22949398           8.53091478e-05      
0.21         -4.16378105          4.16386729           8.6247921e-05       
0.22         -4.09519252          4.09528005           8.75294209e-05      
0.23         -4.0250982           4.02518654           8.83415341e-05      
0.24         -3.95476525          3.95485532           9.00775194e-05      
0.25         -3.88525058          3.88534117           9.05916095e-05      
0.26         -3.81739922          3.81749064           9.14186239e-05      
0.27         -3.75186595          3.75195855           9.26032662e-05      
0.28         -3.68913557          3.6892305            9.49278474e-05      
0.29         -3.62955087          3.62964684           9.59709287e-05      
0.3          -3.5733311           3.57342672           9.56244767e-05      
0.31         -3.52058787          3.52068412           9.6257776e-05       
0.32         -3.47134896          3.47144562           9.66563821e-05      
0.33         -3.42556103          3.42565984           9.88058746e-05      
0.34         -3.38310939          3.38320714           9.77478921e-05      
0.35         -3.34380561          3.34390193           9.63173807e-05      
0.36         -3.3074001           3.30749482           9.47229564e-05      
0.37         -3.27357611          3.27367207           9.59634781e-05      
0.38         -3.24195511          3.24204937           9.42610204e-05      
0.39         -3.21208299          3.21217608           9.30987298e-05      
0.4          -3.1834338           3.1835252            9.14074481e-05      
0.41         -3.15540936          3.15550125           9.18880105e-05      
0.42         -3.12735363          3.1274468            9.31732357e-05      
0.43         -3.09857009          3.09866202           9.19252634e-05      
0.44         -3.06835242          3.06844118           8.87643546e-05      
0.45         -3.03604053          3.03612968           8.91517848e-05      
0.46         -3.00111054          3.00119874           8.81943852e-05      
0.47         -2.96326176          2.96335027           8.85054469e-05      
0.48         -2.9225413           2.92263025           8.89468938e-05      
0.49         -2.87944423          2.87953353           8.92970711e-05      
0.5          -2.8349892           2.83507994           9.07387584e-05      
0.51         -2.79071325          2.79080445           9.11969692e-05      
0.52         -2.74855314          2.7486451            9.19606537e-05      
0.53         -2.71060545          2.71069965           9.41976905e-05      
0.54         -2.67879358          2.67888859           9.50079411e-05      
0.55         -2.65449861          2.65459335           9.47341323e-05      
0.56         -2.6382698           2.63836356           9.37581062e-05      
0.57         -2.62971032          2.62980151           9.11941752e-05      
0.58         -2.62754979          2.62764201           9.22139734e-05      
0.59         -2.62992757          2.63001804           9.04658809e-05      
0.6          -2.63472588          2.63481458           8.86982307e-05      
0.61         -2.63992257          2.64000944           8.68719071e-05      
0.62         -2.64384354          2.64392966           8.61212611e-05      
0.63         -2.645296            2.64538115           8.5148029e-05       
0.64         -2.64358418          2.64366888           8.46991315e-05      
0.65         -2.63844309          2.63852813           8.5038133e-05       
0.66         -2.62993429          2.63001847           8.41869041e-05      
0.67         -2.6183229           2.61840712           8.42139125e-05      
0.68         -2.60397689          2.6040627            8.5812062e-05       
0.69         -2.58728455          2.58737055           8.60067084e-05      
0.7          -2.56859005          2.56867578           8.5725449e-05       
0.71         -2.54816131          2.54824736           8.60448927e-05      
0.72         -2.52617808          2.52626456           8.64835456e-05      
0.73         -2.50273258          2.50281865           8.6074695e-05       
0.74         -2.47784444          2.47793086           8.64258036e-05      
0.75         -2.45149575          2.45158179           8.60346481e-05      
0.76         -2.42366681          2.42375325           8.64332542e-05      
0.77         -2.39438919          2.39447625           8.70628282e-05      
0.78         -2.36379873          2.36388532           8.65925103e-05      
0.79         -2.33218487          2.33227151           8.66353512e-05      
0.8          -2.30003236          2.30011909           8.67368653e-05      
0.81         -2.2680364           2.26812381           8.74106772e-05      
0.82         -2.23708303          2.23717062           8.75904225e-05      
0.83         -2.208184            2.20827186           8.78563151e-05      
0.84         -2.18237376          2.18246288           8.91224481e-05      
0.85         -2.1605766           2.16066536           8.87624919e-05      
0.86         -2.14346147          2.14355041           8.89361836e-05      
0.87         -2.13133785          2.13142733           8.94796103e-05      
0.88         -2.12410179          2.12418978           8.79876316e-05      
0.89         -2.1212426           2.12132967           8.70674849e-05      
0.9          -2.12193389          2.12202135           8.74535181e-05      
0.91         -2.12516188          2.12524846           8.65855254e-05      
0.92         -2.12986292          2.12994859           8.56672414e-05      
0.93         -2.13505442          2.13513881           8.43936577e-05      
0.94         -2.13992598          2.1400103            8.4313564e-05       
0.95         -2.14389275          2.14397654           8.3792489e-05       
0.96         -2.14659824          2.14668143           8.31885263e-05      
0.97         -2.147896            2.14797997           8.39726999e-05      
0.98         -2.14781106          2.14789513           8.40672292e-05      
0.99         -2.14648925          2.14657405           8.48025084e-05      
1            -2.1441548           2.14423999           8.51929653e-05      
1.01         -2.14106699          2.14115268           8.56940169e-05      
1.02         -2.13749009          2.13757572           8.56302213e-05      
1.03         -2.13366453          2.13375086           8.63298774e-05      
1.04         -2.12979369          2.12988016           8.6465152e-05       
1.05         -2.12602969          2.1261152            8.55156686e-05      
1.06         -2.12246371          2.12254882           8.51047225e-05      
1.07         -2.11912435          2.11921006           8.57168343e-05      
1.08         -2.11597954          2.1160647            8.51592049e-05      
1.09         -2.11292827          2.11301455           8.62830784e-05      
1.1          -2.10981453          2.10990107           8.65452457e-05      
1.11         -2.10642743          2.10651246           8.50232318e-05      
1.12         -2.1025088           2.10259354           8.47445335e-05      
1.13         -2.09777729          2.09786105           8.37640837e-05      
1.14         -2.09194584          2.09202841           8.25666357e-05      
1.15         -2.08475265          2.08483428           8.16269312e-05      
1.16         -2.07600132          2.07608208           8.07645265e-05      
1.17         -2.06560247          2.06568293           8.04646406e-05      
1.18         -2.05362478          2.0537063            8.15258827e-05      
1.19         -2.04033782          2.04042087           8.30560457e-05      
1.2          -2.02623926          2.02632312           8.3868159e-05       
1.21         -2.01205471          2.0121396            8.48972704e-05      
1.22         -1.99870389          1.99879028           8.63869209e-05      
1.23         -1.987222            1.98730934           8.73340759e-05      
1.24         -1.97863836          1.9787268            8.84479377e-05      
1.25         -1.9738352           1.97392491           8.97147693e-05      
1.26         -1.97341253          1.97350355           9.10244416e-05      
1.27         -1.97758674          1.9776778            9.10630915e-05      
1.28         -1.98614731          1.98623891           9.15976707e-05      
1.29         -1.99849421          1.99858558           9.13732219e-05      
1.3          -2.0137269           2.01381926           9.23619373e-05      
1.31         -2.03078113          2.03087378           9.26498324e-05      
1.32         -2.04856047          2.04865228           9.18095466e-05      
1.33         -2.06605198          2.06614326           9.12832329e-05      
1.34         -2.08240417          2.08249426           9.00913728e-05      
1.35         -2.09695664          2.0970457            8.90613301e-05      
1.36         -2.10923599          2.10932468           8.86910129e-05      
1.37         -2.11892537          2.11901369           8.83230241e-05      
1.38         -2.12581613          2.12590432           8.81891465e-05      
1.39         -2.12976276          2.12985123           8.84708716e-05      
1.4          -2.13064173          2.13072943           8.76988051e-05      
1.41         -2.12831943          2.12840736           8.79288418e-05      
1.42         -2.12264734          2.12273499           8.76561971e-05      
1.43         -2.11346542          2.11355309           8.76694685e-05      
1.44         -2.10063705          2.10072449           8.74373363e-05      
1.45         -2.08409885          2.08418669           8.7834429e-05       
1.46         -2.06393639          2.06402408           8.76822742e-05      
1.47         -2.0404648           2.04055289           8.80953157e-05      
1.48         -2.01431108          2.01439966           8.85751797e-05      
1.49         -1.98646689          1.98655668           8.97905556e-05      
1.5          -1.95829665          1.95838689           9.02332831e-05      
1.51         -1.93145666          1.93154737           9.0707792e-05       
1.52         -1.90773364          1.90782687           9.32273688e-05      
1.53         -1.88881281          1.88890721           9.43983905e-05      
1.54         -1.87600091          1.87609388           9.29648522e-05      
1.55         -1.86998763          1.8700805            9.2873699e-05       
1.56         -1.87072249          1.87081681           9.43222549e-05      
1.57         -1.87742645          1.87751865           9.2203496e-05       
1.58         -1.8887333           1.88882419           9.08965012e-05      
1.59         -1.90294978          1.90303987           9.00898594e-05      
1.6          -1.9183249           1.91841425           8.93454999e-05      
1.61         -1.93328486          1.93337309           8.82291934e-05      
1.62         -1.94658773          1.94667584           8.8109402e-05       
1.63         -1.95739381          1.95748159           8.77799466e-05      
1.64         -1.96525326          1.96534145           8.81910091e-05      
1.65         -1.97005126          1.97014076           8.94963741e-05      
1.66         -1.9719272           1.97201687           8.96729762e-05      
1.67         -1.97118639          1.97127604           8.96504498e-05      
1.68         -1.96822723          1.96831784           9.06065106e-05      
1.69         -1.96348592          1.96357542           8.9498586e-05       
1.7          -1.95738454          1.95747438           8.98446306e-05      
1.71         -1.95031168          1.95040238           9.06983623e-05      
1.72         -1.94260329          1.94269544           9.2150236e-05       
1.73         -1.93453528          1.93462706           9.17770085e-05      
1.74         -1.92631708          1.92640901           9.19231097e-05      
1.75         -1.91810051          1.91819248           9.19667073e-05      
1.76         -1.90998164          1.91007236           9.07127396e-05      
1.77         -1.90200333          1.90209393           9.06029018e-05      
1.78         -1.89416913          1.89425935           9.02215252e-05      
1.79         -1.88644507          1.88653532           9.02496977e-05      
1.8          -1.87877268          1.87886272           9.00477171e-05      
1.81         -1.87107333          1.87116429           9.09630326e-05      
1.82         -1.86326424          1.86335599           9.17589641e-05      
1.83         -1.85526552          1.85535838           9.2853792e-05       
1.84         -1.84701456          1.84710851           9.39533347e-05      
1.85         -1.83847806          1.83857317           9.51156835e-05      
1.86         -1.82966496          1.82976069           9.57227894e-05      
1.87         -1.82063513          1.82073207           9.69372923e-05      
1.88         -1.81151086          1.81160913           9.82758356e-05      
1.89         -1.80247733          1.80257653           9.91999405e-05      
1.9          -1.79377839          1.79387861           0.000100229809      
1.91         -1.78570717          1.78580792           0.000100747508      
1.92         -1.77858503          1.77868547           0.000100447098      
1.93         -1.77273432          1.77283537           0.000101050362      
1.94         -1.76845138          1.76855271           0.00010133459       
1.95         -1.76597423          1.76607483           0.000100597274      
1.96         -1.76545465          1.76555531           0.000100660196      
1.97         -1.76694595          1.76704728           0.000101333309      
1.98         -1.77039628          1.77049692           0.000100634061      
1.99         -1.77565386          1.77575367           9.98098985e-05      
2            -1.7824886           1.78258931           0.000100707635      
2.01         -1.79062109          1.7907213            0.000100217003      
2.02         -1.79974809          1.79984766           9.95735172e-05      
2.03         -1.80957404          1.80967347           9.94249131e-05      
2.04         -1.81983506          1.81993476           9.96966846e-05      
2.05         -1.83031551          1.83041571           0.000100202276      
2.06         -1.84085481          1.84095524           0.000100423757      
2.07         -1.85135051          1.8514518            0.000101289013      
2.08         -1.86175124          1.86185319           0.000101946061      
2.09         -1.87204973          1.87215233           0.000102598278      
2.1          -1.88226759          1.88237019           0.000102594262      
2.11         -1.89244176          1.8925449            0.000103146594      
2.12         -1.90261381          1.90271662           0.00010280736       
2.13         -1.91281204          1.91291407           0.000102032442      
2.14         -1.92304083          1.92314283           0.000101999613      
2.15         -1.93327065          1.93337181           0.000101165322      
2.16         -1.94342391          1.94352552           0.00010161614       
2.17         -1.95337114          1.95347305           0.000101904356      
2.18         -1.96292284          1.96302359           0.000100750534      
2.19         -1.97182184          1.97192265           0.000100812555      
2.2          -1.97974935          1.97985002           0.000100673875      
2.21         -1.98633071          1.98643114           0.000100425008      
2.22         -1.99115198          1.99125275           0.000100774516      
2.23         -1.99378849          1.99388966           0.000101170852      
2.24         -1.99385042          1.99395126           0.000100839214      
2.25         -1.99104196          1.99114265           0.000100689038      
2.26         -1.98523444          1.98533571           0.000101268524      
2.27         -1.97655601          1.97665709           0.000101077138      
2.28         -1.96546432          1.9655671            0.000102788617      
2.29         -1.95280565          1.95290892           0.000103273254      
2.3          -1.93980492          1.93990857           0.00010365239       
2.31         -1.92799312          1.92809776           0.000104639039      
2.32         -1.91903813          1.91914477           0.000106641673      
2.33         -1.91450282          1.91461013           0.000107314176      
2.34         -1.91556683          1.91567438           0.000107547763      
2.35         -1.92279267          1.92290023           0.000107560976      
2.36         -1.9359915           1.93609752           0.000106013147      
2.37         -1.95422868          1.95433353           0.000104848645      
2.38         -1.9759803           1.97608489           0.000104589504      
2.39         -1.99938347          1.9994857            0.000102226884      
2.4          -2.02250223          2.02260266           0.00010042949       
2.41         -2.0435729           2.04367253           9.96326271e-05      
2.42         -2.06115956          2.06125894           9.93857393e-05      
2.43         -2.07423202          2.07433099           9.89630789e-05      
2.44         -2.08216908          2.08226782           9.87429958e-05      
2.45         -2.08472037          2.08481911           9.87394014e-05      
2.46         -2.08194716          2.08204612           9.89662076e-05      
2.47         -2.07416381          2.0742636            9.97956522e-05      
2.48         -2.06189122          2.06199166           0.000100437537      
2.49         -2.04581888          2.04591992           0.000101040161      
2.5          -2.02677621          2.02687848           0.000102265534      
2.51         -2.0057066           2.00580905           0.000102458449      
2.52         -1.98362314          1.98372643           0.000103283746      
2.53         -1.96156252          1.96166533           0.000102808743      
2.54         -1.94050914          1.94061168           0.000102534919      
2.55         -1.92132363          1.92142735           0.000103723971      
2.56         -1.90467093          1.90477422           0.000103292157      
2.57         -1.89095326          1.89105599           0.000102736347      
2.58         -1.88028642          1.88038993           0.000103508413      
2.59         -1.87251151          1.87261441           0.000102908496      
2.6          -1.86722929          1.86733498           0.000105686238      
2.61         -1.86388382          1.86399219           0.000108374603      
2.62         -1.8618426           1.86195106           0.000108462002      
2.63         -1.86047277          1.86057954           0.000106770443      
2.64         -1.85921264          1.85931688           0.000104241364      
2.65         -1.85761614          1.85771729           0.000101158192      
2.66         -1.85537226          1.85547237           0.000100104604      
2.67         -1.85231274          1.85241203           9.92919086e-05      
2.68         -1.84839351          1.84849169           9.81870398e-05      
2.69         -1.84367084          1.84376812           9.72775597e-05      
2.7          -1.83827956          1.83837686           9.72969574e-05      
2.71         -1.8324088           1.83250583           9.70312249e-05      
2.72         -1.82627739          1.82637353           9.61412661e-05      
2.73         -1.82011595          1.82021166           9.5714815e-05       
2.74         -1.81415479          1.81425054           9.57558732e-05      
2.75         -1.80861582          1.80871082           9.50017347e-05      
2.76         -1.80370147          1.80379616           9.46892615e-05      
2.77         -1.79959531          1.79969129           9.59772442e-05      
2.78         -1.79646048          1.79655819           9.77070667e-05      
2.79         -1.79443808          1.79453737           9.9286066e-05       
2.8          -1.79364697          1.79374821           0.000101243873      
2.81         -1.79418627          1.79428985           0.000103583188      
2.82         -1.79613732          1.79624318           0.000105867286      
2.83         -1.7995627           1.79967004           0.000107339569      
2.84         -1.80450709          1.80461544           0.000108346176      
2.85         -1.81099767          1.81110751           0.000109843611      
2.86         -1.81904555          1.81915714           0.00011158883       
2.87         -1.82864448          1.82875746           0.000112972739      
2.88         -1.83976916          1.83988349           0.000114333241      
2.89         -1.85237226          1.85249004           0.000117773532      
2.9          -1.86638772          1.86650757           0.000119853146      
2.91         -1.88172314          1.88184236           0.000119217388      
2.92         -1.89825318          1.89837225           0.000119064091      
2.93         -1.91582487          1.91594429           0.000119423799      
2.94         -1.93424942          1.9343695            0.000120081786      
2.95         -1.95330183          1.95342197           0.00012013693       
2.96         -1.97271617          1.97283582           0.000119648947      
2.97         -1.99218645          1.99230583           0.000119377706      
2.98         -2.01136912          2.01148924           0.000120120269      
2.99         -2.02989113          2.03001067           0.000119544042      
3            -2.04735321          2.04747215           0.000118936608      
