0	-5.99987268	1.08707368	-4.91279888
0.0100000007	-5.98556232	1.07276726	-4.91279507
0.0200000014	-5.95103741	1.03824663	-4.91279078
0.0300000012	-5.90109396	0.988306284	-4.91278744
0.0400000028	-5.84001827	0.927233398	-4.91278505
0.0500000007	-5.77147484	0.858692169	-4.91278267
0.0600000024	-5.69853878	0.785757601	-4.91278124
0.0700000003	-5.62379742	0.711017668	-4.91277981
0.0800000057	-5.54946518	0.636686563	-4.91277885
0.0900000036	-5.47747231	0.564695954	-4.91277647
0.100000001	-5.40952158	0.496744752	-4.91277695
0.110000007	-5.34707785	0.434302449	-4.91277552
0.120000005	-5.29134941	0.37857461	-4.91277504
0.13000001	-5.24322367	0.330449194	-4.91277456
0.140000001	-5.20321989	0.290447056	-4.91277266
0.150000006	-5.1714716	0.258699566	-4.91277218
0.160000011	-5.14773989	0.234968334	-4.9127717
0.170000002	-5.13148165	0.218708813	-4.91277266
0.180000007	-5.12193966	0.20916608	-4.91277361
0.190000013	-5.11825895	0.205484137	-4.91277504
0.200000003	-5.11958361	0.206806809	-4.91277695
0.210000008	-5.12513113	0.212354437	-4.91277647
0.220000014	-5.13424492	0.221467257	-4.9127779
0.230000004	-5.14639187	0.23361519	-4.91277647
0.24000001	-5.1611557	0.248379186	-4.91277647
0.25	-5.17818928	0.26541239	-4.91277695
0.26000002	-5.19716597	0.284389615	-4.91277647
0.270000011	-5.21772861	0.304953456	-4.91277504
0.280000001	-5.23943949	0.326663435	-4.91277599
0.290000021	-5.26173067	0.348955572	-4.91277504
0.300000012	-5.28389406	0.371119082	-4.91277504
0.310000002	-5.30507565	0.392299354	-4.91277647
0.320000023	-5.32431746	0.411539555	-4.9127779
0.330000013	-5.34065151	0.427873164	-4.91277838
0.340000004	-5.35325623	0.440477014	-4.91277933
0.350000024	-5.36166573	0.448886991	-4.91277885
0.360000014	-5.3660326	0.45325321	-4.91277933
0.370000005	-5.36735916	0.454580724	-4.91277838
0.380000025	-5.36763811	0.45486176	-4.91277647
0.390000015	-5.36976147	0.45698756	-4.91277409
0.400000006	-5.37712336	0.464351237	-4.91277218
0.410000026	-5.39292669	0.480156749	-4.91276979
0.420000017	-5.41936111	0.50659132	-4.91276979
0.430000007	-5.45691013	0.544140816	-4.91276932
0.440000027	-5.50409508	0.591324508	-4.91277075
0.450000018	-5.55774498	0.644971311	-4.91277361
0.460000008	-5.61370325	0.70092696	-4.91277647
0.470000029	-5.66769886	0.754920244	-4.91277885
0.480000019	-5.71607542	0.803295255	-4.91278028
0.49000001	-5.75622463	0.843443155	-4.91278172
0.5	-5.78669262	0.873910725	-4.91278172
0.51000005	-5.80705357	0.894272447	-4.91278124
0.520000041	-5.81766891	0.904888034	-4.91278076
0.530000031	-5.81942081	0.906640589	-4.91278028
0.540000021	-5.8134923	0.900712967	-4.91277933
0.550000012	-5.80119085	0.888412476	-4.91277838
0.560000002	-5.78381968	0.871041298	-4.91277838
0.570000052	-5.76257277	0.84979558	-4.91277695
0.580000043	-5.73847103	0.825693309	-4.9127779
0.590000033	-5.71231842	0.799540997	-4.91277742
0.600000024	-5.68473101	0.771953106	-4.9127779
0.610000014	-5.65620565	0.743428588	-4.91277695
0.620000005	-5.62724209	0.714464962	-4.91277695
0.630000055	-5.59844398	0.68566829	-4.91277552
0.640000045	-5.57058239	0.657807052	-4.91277552
0.650000036	-5.54454708	0.631771326	-4.91277599
0.660000026	-5.52121305	0.60843873	-4.91277409
0.670000017	-5.5012598	0.588485837	-4.91277409
0.680000007	-5.48498631	0.572213233	-4.91277313
0.690000057	-5.47222281	0.559449255	-4.91277361
0.700000048	-5.46233845	0.549564302	-4.91277409
0.710000038	-5.45436239	0.541588128	-4.91277409
0.720000029	-5.44715738	0.534381866	-4.91277552
0.730000019	-5.43958855	0.526812136	-4.91277647
0.74000001	-5.43065739	0.517880201	-4.91277695
0.75000006	-5.41956806	0.506791055	-4.91277695
0.76000005	-5.40574265	0.492965341	-4.91277742
0.770000041	-5.38879538	0.476018131	-4.91277742
0.780000031	-5.36850691	0.455730408	-4.91277647
0.790000021	-5.3448143	0.432037532	-4.91277695
0.800000012	-5.3178277	0.405050457	-4.91277742
0.810000062	-5.28788805	0.375111967	-4.91277599
0.820000052	-5.25565434	0.342879683	-4.91277456
0.830000043	-5.22218275	0.309410483	-4.91277218
0.840000033	-5.18897772	0.276207924	-4.91276979
0.850000024	-5.15795898	0.245189965	-4.91276884
0.860000014	-5.13130808	0.218541622	-4.91276646
0.870000064	-5.11121368	0.198447675	-4.91276598
0.880000055	-5.09950829	0.186743408	-4.91276503
0.890000045	-5.09733486	0.184567884	-4.91276693
0.900000036	-5.10488987	0.192123115	-4.91276693
0.910000026	-5.1213851	0.208618402	-4.91276646
0.920000017	-5.14518738	0.232418641	-4.91276884
0.930000067	-5.17411423	0.261344075	-4.91277027
0.940000057	-5.20579672	0.293024272	-4.91277266
0.950000048	-5.23797989	0.325206727	-4.91277313
0.960000038	-5.26873016	0.355955601	-4.91277456
0.970000029	-5.29650021	0.383725077	-4.91277504
0.980000019	-5.32010651	0.407330543	-4.91277599
0.990000069	-5.33863735	0.425862134	-4.91277504
1	-5.35136414	0.438587546	-4.91277647
1.00999999	-5.35766077	0.4448843	-4.91277647
1.0200001	-5.35700464	0.444228232	-4.91277647
1.03000009	-5.34903002	0.436253428	-4.91277647
1.04000008	-5.3336587	0.420882106	-4.91277647
1.05000007	-5.31128168	0.398505539	-4.91277599
1.06000006	-5.28294849	0.370173514	-4.91277504
1.07000005	-5.25049829	0.337724954	-4.91277313
1.08000004	-5.21654797	0.303777635	-4.91277027
1.09000003	-5.18427944	0.271511197	-4.91276836
1.10000002	-5.15699434	0.244226739	-4.91276741
1.11000001	-5.13752508	0.224757969	-4.91276693
1.12	-5.12766075	0.214895427	-4.9127655
1.13	-5.12778234	0.215015754	-4.91276646
1.1400001	-5.13681841	0.224050552	-4.91276789
1.1500001	-5.15257263	0.239802599	-4.91277027
1.16000009	-5.17225695	0.259485453	-4.9127717
1.17000008	-5.1930747	0.280302048	-4.91277266
1.18000007	-5.21267653	0.299902499	-4.91277409
1.19000006	-5.22941494	0.316641569	-4.91277313
1.20000005	-5.24241209	0.32963872	-4.91277313
1.21000004	-5.25147009	0.338696241	-4.91277409
1.22000003	-5.256917	0.34414342	-4.91277361
1.23000002	-5.25943565	0.346662164	-4.91277361
1.24000001	-5.25990486	0.347131044	-4.91277361
1.25	-5.25927353	0.346500933	-4.91277266
1.26000011	-5.25847912	0.345707297	-4.9127717
1.2700001	-5.25838232	0.345611393	-4.91277075
1.28000009	-5.25973606	0.346965551	-4.91277027
1.29000008	-5.26316261	0.350393713	-4.91276884
1.30000007	-5.26914978	0.356381506	-4.91276836
1.31000006	-5.27803993	0.365271419	-4.91276836
1.32000005	-5.2900281	0.377259672	-4.91276836
1.33000004	-5.30516195	0.392393172	-4.91276884
1.34000003	-5.32333565	0.41056636	-4.91276932
1.35000002	-5.34428644	0.431516707	-4.91276979
1.36000001	-5.36759186	0.454822779	-4.91276932
1.37000012	-5.39267349	0.47990483	-4.91276884
1.38000011	-5.41880369	0.506034076	-4.91276979
1.3900001	-5.44512415	0.532354593	-4.91276932
1.4000001	-5.47069597	0.557925045	-4.91277075
1.41000009	-5.49455929	0.581787825	-4.91277122
1.42000008	-5.51584387	0.603070974	-4.91277313
1.43000007	-5.53389645	0.62112385	-4.91277266
1.44000006	-5.54845142	0.635678411	-4.91277313
1.45000005	-5.55978394	0.647011518	-4.91277218
1.46000004	-5.56883669	0.656065226	-4.91277122
1.47000003	-5.57722855	0.664458454	-4.91277027
1.48000002	-5.58709621	0.674328208	-4.91276789
1.49000013	-5.60072041	0.687952995	-4.91276741
1.50000012	-5.61995029	0.707183421	-4.91276693
1.51000011	-5.64555311	0.732785046	-4.91276789
1.5200001	-5.67665386	0.763884425	-4.91276932
1.53000009	-5.71049404	0.797720194	-4.91277409
1.54000008	-5.74262142	0.82984364	-4.9127779
1.55000007	-5.76756907	0.854787469	-4.91278172
1.56000006	-5.77989388	0.867109001	-4.91278505
1.57000005	-5.77542114	0.862634182	-4.91278696
1.58000004	-5.7524786	0.839692652	-4.91278601
1.59000003	-5.71285248	0.80006969	-4.91278267
1.60000002	-5.66209412	0.749317706	-4.91277647
1.61000013	-5.60880804	0.696037531	-4.91277027
1.62000012	-5.56273365	0.64996624	-4.91276741
1.63000011	-5.53202343	0.619259596	-4.9127636
1.6400001	-5.52075243	0.607988596	-4.9127636
1.6500001	-5.52778912	0.615021884	-4.91276741
1.66000009	-5.54759884	0.634826541	-4.91277218
1.67000008	-5.57244873	0.659671426	-4.91277742
1.68000007	-5.59485817	0.682076931	-4.91278124
1.69000006	-5.6092968	0.696513474	-4.91278315
1.70000005	-5.61278725	0.700003684	-4.91278362
1.71000004	-5.60464001	0.691857517	-4.91278267
1.72000003	-5.58576679	0.672985792	-4.91278076
1.73000014	-5.55794907	0.645169616	-4.91277933
1.74000013	-5.52326298	0.610485673	-4.91277742
1.75000012	-5.48372078	0.570945024	-4.91277599
1.76000011	-5.44109154	0.528316617	-4.91277504
1.7700001	-5.3968606	0.484086543	-4.91277409
1.78000009	-5.35227013	0.439497322	-4.91277266
1.79000008	-5.30839777	0.395624936	-4.91277266
1.80000007	-5.26623392	0.353461236	-4.91277266
1.81000006	-5.22675228	0.313981742	-4.91277075
1.82000005	-5.19095325	0.27818194	-4.91277122
1.83000004	-5.15984821	0.247077629	-4.91277075
1.84000003	-5.13443756	0.221669093	-4.91276836
1.85000014	-5.11564779	0.202878863	-4.91276884
1.86000013	-5.10424423	0.191477343	-4.91276693
1.87000012	-5.10078001	0.188013613	-4.91276646
1.88000011	-5.10553122	0.192766145	-4.91276503
1.8900001	-5.11848688	0.205723107	-4.9127636
1.9000001	-5.13935804	0.226593643	-4.91276455
1.91000009	-5.16761112	0.254846036	-4.91276503
1.92000008	-5.20253134	0.289764822	-4.91276646
1.93000007	-5.24328232	0.330515683	-4.91276646
1.94000006	-5.28897572	0.376209646	-4.91276598
1.95000005	-5.33872271	0.425955325	-4.91276741
1.96000004	-5.39166117	0.478893429	-4.91276789
1.97000015	-5.44697285	0.534205616	-4.91276741
1.98000014	-5.50386333	0.591095924	-4.91276741
1.99000013	-5.56151152	0.648743749	-4.91276789
2	-5.61899948	0.706231117	-4.91276836
2.00999999	-5.67522001	0.762450337	-4.91276979
2.01999998	-5.72876978	0.815999269	-4.91277027
2.03000021	-5.77785015	0.865078449	-4.9127717
2.0400002	-5.82018137	0.907406628	-4.91277456
2.05000019	-5.85296059	0.94018364	-4.91277695
2.06000018	-5.87292099	0.960141182	-4.91277981
2.07000017	-5.87651682	0.963733792	-4.91278315
2.08000016	-5.86032295	0.947537184	-4.91278553
2.09000015	-5.82169151	0.908905625	-4.91278601
2.10000014	-5.75968075	0.846894026	-4.91278648
2.11000013	-5.6761241	0.763339996	-4.9127841
2.12000012	-5.57659674	0.663817763	-4.91277885
2.13000011	-5.47075558	0.557985306	-4.91277027
2.1400001	-5.37153482	0.45877254	-4.91276217
2.1500001	-5.29286242	0.380105674	-4.91275692
2.16000009	-5.24626255	0.333509803	-4.91275263
2.17000008	-5.23748779	0.324734509	-4.91275311
2.18000007	-5.26467323	0.351912379	-4.91276073
2.19000006	-5.31897068	0.40620321	-4.91276741
2.20000005	-5.38740158	0.474626452	-4.91277504
2.21000004	-5.45650244	0.54372108	-4.91278124
2.22000003	-5.51531887	0.602533996	-4.91278505
2.23000002	-5.55691195	0.6441257	-4.91278648
2.24000001	-5.57842922	0.665643394	-4.91278601
2.25	-5.58028126	0.667498708	-4.91278267
2.25999999	-5.56502199	0.652241588	-4.91278028
2.27000022	-5.53630161	0.623524785	-4.91277695
2.28000021	-5.49810648	0.585332036	-4.91277456
2.2900002	-5.4542613	0.541488409	-4.91277313
2.30000019	-5.40816927	0.495398372	-4.91277075
2.31000018	-5.36271238	0.449942231	-4.91277027
2.32000017	-5.32023764	0.407467514	-4.91277027
2.33000016	-5.28259802	0.369829893	-4.91276836
2.34000015	-5.25122261	0.338454723	-4.91276789
2.35000014	-5.22716856	0.314399779	-4.91276884
2.36000013	-5.21118164	0.298410147	-4.9127717
2.37000012	-5.20373154	0.290960073	-4.91277122
2.38000011	-5.20505047	0.292279035	-4.91277122
2.3900001	-5.21513224	0.302360594	-4.9127717
2.4000001	-5.23372507	0.320953548	-4.9127717
2.41000009	-5.2603054	0.347534776	-4.91277075
2.42000008	-5.294034	0.381263465	-4.91277075
2.43000007	-5.33369207	0.420919299	-4.91277266
2.44000006	-5.37760544	0.4648287	-4.91277695
2.45000005	-5.42356825	0.510790527	-4.9127779
2.46000004	-5.46880484	0.556024313	-4.91278076
2.47000003	-5.50996113	0.597180128	-4.91278076
2.48000002	-5.54325676	0.630472183	-4.91278458
2.49000001	-5.56480885	0.652021468	-4.91278744
2.5	-5.57128572	0.658496499	-4.91278934
2.51000023	-5.56088018	0.648090065	-4.9127903
2.52000022	-5.53451347	0.621724904	-4.91278839
2.53000021	-5.49689722	0.584113836	-4.91278362
2.5400002	-5.45677948	0.544002235	-4.91277742
2.55000019	-5.42564774	0.512876928	-4.91277075
2.56000018	-5.41472292	0.501956224	-4.91276646
2.57000017	-5.43114471	0.518376589	-4.91276836
2.58000016	-5.47519302	0.56242013	-4.91277313
2.59000015	-5.54015255	0.627371728	-4.91278076
2.60000014	-5.61486197	0.702074528	-4.91278744
2.61000013	-5.68749189	0.77469945	-4.91279221
2.62000012	-5.74868536	0.835890889	-4.91279459
2.63000011	-5.79307938	0.880284607	-4.91279459
2.6400001	-5.81924009	0.906447351	-4.91279268
2.6500001	-5.82864666	0.915857136	-4.91278934
2.66000009	-5.82435989	0.911573648	-4.91278648
2.67000008	-5.80983639	0.897052765	-4.91278362
2.68000007	-5.78810787	0.875325203	-4.91278267
2.69000006	-5.7613759	0.848595142	-4.91278076
2.70000005	-5.73098278	0.818202376	-4.91278028
2.71000004	-5.69760132	0.784821689	-4.91277981
2.72000003	-5.66154194	0.74876219	-4.91277981
2.73000002	-5.62302446	0.710244536	-4.91277981
2.74000025	-5.58237076	0.669591784	-4.91277885
2.75000024	-5.54009295	0.627314627	-4.91277838
2.76000023	-5.49688768	0.584109783	-4.9127779
2.77000022	-5.4535799	0.540803254	-4.91277647
2.78000021	-5.41104794	0.498273611	-4.91277409
2.7900002	-5.37015057	0.457378417	-4.91277218
2.80000019	-5.33166885	0.418897897	-4.91277075
2.81000018	-5.29627132	0.383499563	-4.9127717
2.82000017	-5.2644949	0.351723284	-4.9127717
2.83000016	-5.23675251	0.323981702	-4.91277075
2.84000015	-5.21334076	0.300569713	-4.91277122
2.85000014	-5.19444895	0.281677902	-4.91277122
2.86000013	-5.18017578	0.267405897	-4.91276979
2.87000012	-5.17054367	0.257772088	-4.9127717
2.88000011	-5.16549253	0.252718687	-4.91277409
2.8900001	-5.16488791	0.252111465	-4.91277647
2.9000001	-5.16851234	0.255734444	-4.9127779
2.91000009	-5.17605972	0.263280571	-4.91277933
2.92000008	-5.18711948	0.274340749	-4.91277885
2.93000007	-5.20117474	0.288392901	-4.91278172
2.94000006	-5.21757746	0.304795116	-4.91278219
2.95000005	-5.23556614	0.322785914	-4.91278028
2.96000004	-5.25427818	0.341499001	-4.91277933
2.97000003	-5.27277613	0.35999611	-4.91277981
2.98000026	-5.2901063	0.37732482	-4.91278172
2.99000025	-5.30538464	0.392604113	-4.91278076
3.00000024	-5.31791544	0.405133843	-4.91278172
