Time [s]     Potential            Kinetic              Total               
---------------------------------------------------------------------------
0            -6                   1.08720085           -4.91279915         
0.01         -5.98798478          1.07518949           -4.91279529         
0.02         -5.95525932          1.04246845           -4.91279087         
0.03         -5.90665537          0.993867174          -4.9127882          
0.04         -5.8465175           0.933732331          -4.91278517         
0.05         -5.77857339          0.865790382          -4.91278301         
0.06         -5.70595264          0.793171704          -4.91278094         
0.07         -5.63128692          0.718507241          -4.91277968         
0.08         -5.55682284          0.644044165          -4.91277867         
0.09         -5.48451656          0.571739517          -4.91277704         
0.1          -5.41609091          0.503314406          -4.9127765          
0.11         -5.35303807          0.440262195          -4.91277588         
0.12         -5.2965923           0.383817185          -4.91277511         
0.13         -5.24767643          0.334901739          -4.91277469         
0.14         -5.20684767          0.294074949          -4.91277272         
0.15         -5.17427975          0.261506967          -4.91277278         
0.16         -5.14976639          0.236994255          -4.91277213         
0.17         -5.13279158          0.220018879          -4.9127727          
0.18         -5.12261599          0.20984224           -4.91277375         
0.19         -5.11838847          0.205613479          -4.91277499         
0.2          -5.11924976          0.206472526          -4.91277723         
0.21         -5.1244064           0.211629544          -4.91277685         
0.22         -5.13318878          0.220411777          -4.91277701         
0.23         -5.14505333          0.232276641          -4.91277669         
0.24         -5.15957212          0.246795476          -4.91277665         
0.25         -5.17639297          0.263616333          -4.91277664         
0.26         -5.19519043          0.282414285          -4.91277615         
0.27         -5.21561337          0.302837508          -4.91277586         
0.28         -5.23723197          0.324455956          -4.91277601         
0.29         -5.2594946           0.346719325          -4.91277528         
0.3          -5.28170758          0.368931919          -4.91277567         
0.31         -5.30302882          0.39025237           -4.91277645         
0.32         -5.32250911          0.409730881          -4.91277823         
0.33         -5.33917445          0.42639602           -4.91277843         
0.34         -5.3521809           0.439401606          -4.91277929         
0.35         -5.36101604          0.448236328          -4.91277971         
0.36         -5.36575693          0.452977321          -4.91277961         
0.37         -5.36731398          0.454535548          -4.91277843         
0.38         -5.36758167          0.454803987          -4.91277768         
0.39         -5.36937106          0.456596285          -4.91277477         
0.4          -5.37605619          0.463282463          -4.91277373         
0.41         -5.39089257          0.478122264          -4.9127703          
0.42         -5.41620946          0.503440153          -4.91276931         
0.43         -5.45268202          0.539912523          -4.9127695          
0.44         -5.49902332          0.586251943          -4.91277137         
0.45         -5.55220336          0.639429646          -4.91277371         
0.46         -5.60812795          0.695351098          -4.91277685         
0.47         -5.66249883          0.749719638          -4.91277919         
0.48         -5.71157354          0.798792768          -4.91278077         
0.49         -5.7526291           0.839847464          -4.91278164         
0.5          -5.78409922          0.871317465          -4.91278176         
0.51         -5.80546606          0.892684542          -4.91278151         
0.52         -5.81702346          0.904241756          -4.9127817          
0.53         -5.81961137          0.906830966          -4.9127804          
0.54         -5.8143937           0.901613377          -4.91278032         
0.55         -5.80267             0.889890745          -4.91277926         
0.56         -5.78574961          0.872970529          -4.91277909         
0.57         -5.76484114          0.852063335          -4.9127778          
0.58         -5.74098492          0.828206971          -4.91277795         
0.59         -5.71500725          0.802229464          -4.91277778         
0.6          -5.68753982          0.774761885          -4.91277793         
0.61         -5.65908611          0.746309757          -4.91277635         
0.62         -5.63014215          0.71736531           -4.91277684         
0.63         -5.60129613          0.688520186          -4.91277594         
0.64         -5.57330191          0.660526596          -4.91277532         
0.65         -5.54704303          0.634267136          -4.91277589         
0.66         -5.52340376          0.610628758          -4.91277501         
0.67         -5.50309038          0.590316884          -4.9127735          
0.68         -5.48644888          0.57367586           -4.91277302         
0.69         -5.47335523          0.560582262          -4.91277297         
0.7          -5.46322215          0.550448652          -4.91277349         
0.71         -5.45510548          0.542331383          -4.9127741          
0.72         -5.4478761           0.535100579          -4.91277552         
0.73         -5.4403913           0.527615121          -4.91277618         
0.74         -5.43163562          0.518858917          -4.9127767          
0.75         -5.42079264          0.508015065          -4.91277757         
0.76         -5.40726072          0.494483301          -4.91277741         
0.77         -5.39063817          0.477860756          -4.91277742         
0.78         -5.37068957          0.45791265           -4.91277692         
0.79         -5.34733558          0.434558697          -4.91277688         
0.8          -5.32066745          0.407890111          -4.91277733         
0.81         -5.29099995          0.378223088          -4.91277686         
0.82         -5.25895524          0.346179858          -4.91277538         
0.83         -5.22554663          0.312774109          -4.91277252         
0.84         -5.19223487          0.279464686          -4.91277019         
0.85         -5.16090122          0.248132526          -4.91276869         
0.86         -5.13371328          0.220946294          -4.91276698         
0.87         -5.11287209          0.200105585          -4.91276651         
0.88         -5.10026285          0.187497184          -4.91276567         
0.89         -5.09711009          0.184343131          -4.91276696         
0.9          -5.10371178          0.190945026          -4.91276676         
0.91         -5.11937562          0.206607988          -4.91276763         
0.92         -5.14253849          0.229769658          -4.91276883         
0.93         -5.17105857          0.258288868          -4.9127697          
0.94         -5.20257071          0.28979896           -4.91277175         
0.95         -5.23479775          0.32202458           -4.91277317         
0.96         -5.26576716          0.352992963          -4.91277419         
0.97         -5.29389375          0.381119106          -4.91277465         
0.98         -5.3179616           0.405185718          -4.91277589         
0.99         -5.33703554          0.424259905          -4.91277563         
1            -5.35037142          0.437595442          -4.91277598         
1.01         -5.35733691          0.444560517          -4.91277639         
1.02         -5.35739622          0.4446196            -4.91277662         
1.03         -5.35016268          0.437386174          -4.91277651         
1.04         -5.33552256          0.422746073          -4.91277649         
1.05         -5.31381056          0.401034955          -4.9127756          
1.06         -5.28600386          0.373229221          -4.91277464         
1.07         -5.25385851          0.341086254          -4.91277225         
1.08         -5.21992227          0.307152107          -4.91277017         
1.09         -5.18733501          0.274566646          -4.91276837         
1.1          -5.1594106           0.246643969          -4.91276663         
1.11         -5.1390588           0.226292029          -4.91276677         
1.12         -5.12819219          0.215427314          -4.91276487         
1.13         -5.12734196          0.214575212          -4.91276674         
1.14         -5.13556954          0.22280279           -4.91276675         
1.15         -5.15077293          0.23800377           -4.91276916         
1.16         -5.17019418          0.257423699          -4.91277048         
1.17         -5.1910139           0.278242982          -4.91277092         
1.18         -5.21082425          0.298051945          -4.91277231         
1.19         -5.22790188          0.315129237          -4.91277264         
1.2          -5.24129269          0.32851974           -4.91277295         
1.21         -5.25073662          0.337963897          -4.91277273         
1.22         -5.25651839          0.343746015          -4.91277238         
1.23         -5.25929251          0.346520268          -4.91277224         
1.24         -5.25992414          0.347151683          -4.91277246         
1.25         -5.25936037          0.346588677          -4.9127717          
1.26         -5.25854179          0.345771128          -4.91277066         
1.27         -5.25833991          0.345569734          -4.91277018         
1.28         -5.25951812          0.346748689          -4.91276943         
1.29         -5.26271394          0.3499454            -4.91276854         
1.3          -5.2684269           0.355659548          -4.91276735         
1.31         -5.27701536          0.36424813           -4.91276723         
1.32         -5.28868964          0.375922062          -4.91276758         
1.33         -5.30351061          0.39074342           -4.91276719         
1.34         -5.32139015          0.408621974          -4.91276818         
1.35         -5.34207988          0.429311138          -4.91276874         
1.36         -5.36517304          0.452405274          -4.91276777         
1.37         -5.39010817          0.477340411          -4.91276776         
1.38         -5.41617054          0.503401812          -4.91276873         
1.39         -5.44251382          0.529744709          -4.91276911         
1.4          -5.46820396          0.5554338            -4.91277016         
1.41         -5.49227995          0.579509173          -4.91277077         
1.42         -5.51385641          0.6010846            -4.91277181         
1.43         -5.53225195          0.619480303          -4.91277165         
1.44         -5.54715413          0.634382422          -4.91277171         
1.45         -5.55877841          0.646007014          -4.91277139         
1.46         -5.56799728          0.655226395          -4.91277088         
1.47         -5.57636452          0.663595966          -4.91276855         
1.48         -5.58598107          0.673213814          -4.91276726         
1.49         -5.59913337          0.686367566          -4.91276581         
1.5          -5.61774516          0.704979624          -4.91276554         
1.51         -5.64271814          0.729952535          -4.9127656          
1.52         -5.67336243          0.760594288          -4.91276815         
1.53         -5.7071026           0.794331239          -4.91277136         
1.54         -5.73963559          0.826860468          -4.91277512         
1.55         -5.76555401          0.85277462           -4.91277939         
1.56         -5.77935696          0.866574187          -4.91278277         
1.57         -5.77668631          0.863901431          -4.91278488         
1.58         -5.75557059          0.842785683          -4.91278491         
1.59         -5.71742213          0.804639516          -4.91278261         
1.6          -5.66742873          0.754651751          -4.91277698         
1.61         -5.61395586          0.701186098          -4.91276976         
1.62         -5.56674647          0.65398125           -4.91276522         
1.63         -5.5342406           0.621476803          -4.9127638          
1.64         -5.52099568          0.608231924          -4.91276375         
1.65         -5.52639639          0.613629442          -4.91276695         
1.66         -5.54526418          0.632491626          -4.91277256         
1.67         -5.5699681           0.657191131          -4.91277697         
1.68         -5.59291065          0.680129677          -4.91278097         
1.69         -5.60832185          0.695538297          -4.91278355         
1.7          -5.6129694           0.700185932          -4.91278347         
1.71         -5.60596383          0.693181444          -4.91278238         
1.72         -5.58809191          0.675310086          -4.91278182         
1.73         -5.56107473          0.648295339          -4.91277939         
1.74         -5.52698141          0.614204276          -4.91277714         
1.75         -5.48784041          0.575064763          -4.91277565         
1.76         -5.44544774          0.532673415          -4.91277433         
1.77         -5.40131742          0.488543861          -4.91277356         
1.78         -5.35671294          0.443939991          -4.91277295         
1.79         -5.3127228           0.399950184          -4.91277262         
1.8          -5.27034342          0.357571535          -4.91277189         
1.81         -5.23055029          0.317778952          -4.91277134         
1.82         -5.19433653          0.281565133          -4.9127714          
1.83         -5.16271603          0.249945179          -4.91277085         
1.84         -5.1366936           0.223923413          -4.91277018         
1.85         -5.11720401          0.204433652          -4.91277036         
1.86         -5.10503298          0.192264886          -4.91276809         
1.87         -5.10075885          0.187990962          -4.91276789         
1.88         -5.10468459          0.191918903          -4.91276569         
1.89         -5.11683208          0.204065819          -4.91276626         
1.9          -5.1369338           0.224167302          -4.9127665          
1.91         -5.16447985          0.251713295          -4.91276656         
1.92         -5.1987707           0.286003567          -4.91276713         
1.93         -5.23898             0.326212671          -4.91276732         
1.94         -5.28422165          0.371454231          -4.91276742         
1.95         -5.33360296          0.420835309          -4.91276766         
1.96         -5.38626075          0.473492332          -4.91276842         
1.97         -5.44137084          0.528603278          -4.91276757         
1.98         -5.49813932          0.585371576          -4.91276775         
1.99         -5.55574977          0.642981976          -4.9127678          
2            -5.61329889          0.700530298          -4.91276859         
2.01         -5.6697017           0.756932281          -4.91276941         
2.02         -5.72359103          0.810820118          -4.91277091         
2.03         -5.77321094          0.860438377          -4.91277257         
2.04         -5.8163318           0.903556615          -4.91277519         
2.05         -5.85020417          0.937426209          -4.91277796         
2.06         -5.87160027          0.958819687          -4.91278058         
2.07         -5.87698901          0.964205526          -4.91278348         
2.08         -5.86290848          0.950122587          -4.9127859          
2.09         -5.82659715          0.913809866          -4.91278729         
2.1          -5.76689351          0.854105167          -4.91278834         
2.11         -5.68530518          0.772519931          -4.91278525         
2.12         -5.58700448          0.67422485           -4.91277963         
2.13         -5.48125571          0.568483699          -4.91277201         
2.14         -5.38074166          0.467977755          -4.9127639          
2.15         -5.29942894          0.386673825          -4.91275511         
2.16         -5.24925339          0.336500715          -4.91275268         
2.17         -5.23665851          0.323903551          -4.91275496         
2.18         -5.2605505           0.347789673          -4.91276083         
2.19         -5.3126846           0.399915813          -4.91276878         
2.2          -5.38032794          0.467551309          -4.91277663         
2.21         -5.44991136          0.537128534          -4.91278282         
2.22         -5.51013768          0.59734969           -4.91278799         
2.23         -5.55364025          0.640851508          -4.91278874         
2.24         -5.5771876           0.664400347          -4.91278725         
2.25         -5.58091575          0.668131005          -4.91278474         
2.26         -5.56721187          0.654430076          -4.91278179         
2.27         -5.53965884          0.626879424          -4.91277942         
2.28         -5.50223315          0.589456335          -4.91277681         
2.29         -5.45879096          0.546016481          -4.91277448         
2.3          -5.41278672          0.500013227          -4.9127735          
2.31         -5.36715269          0.454380538          -4.91277215         
2.32         -5.32428908          0.41151773           -4.91277135         
2.33         -5.28609711          0.373327142          -4.91276997         
2.34         -5.25404435          0.341274226          -4.91277013         
2.35         -5.22922045          0.316450633          -4.91276982         
2.36         -5.2124027           0.299630715          -4.91277199         
2.37         -5.20408714          0.291314259          -4.91277288         
2.38         -5.20452631          0.29175454           -4.91277177         
2.39         -5.21373963          0.300968761          -4.91277087         
2.4          -5.23150188          0.318731081          -4.9127708          
2.41         -5.25731814          0.344547311          -4.91277083         
2.42         -5.29038119          0.377610978          -4.91277022         
2.43         -5.3295151           0.416742899          -4.9127722          
2.44         -5.37309372          0.460318089          -4.91277564         
2.45         -5.41896778          0.506191093          -4.91277669         
2.46         -5.46442026          0.551640417          -4.91277984         
2.47         -5.50615048          0.593369413          -4.91278107         
2.48         -5.54040927          0.62762456           -4.91278471         
2.49         -5.56330043          0.650513172          -4.91278726         
2.5          -5.5714004           0.658610307          -4.9127901          
2.51         -5.56269401          0.649903731          -4.91279028         
2.52         -5.53777647          0.624988824          -4.91278765         
2.53         -5.50095171          0.588168729          -4.91278298         
2.54         -5.46059138          0.547814552          -4.91277682         
2.55         -5.42801994          0.515249578          -4.91277036         
2.56         -5.414657            0.501889918          -4.91276708         
2.57         -5.4282046           0.515437651          -4.91276694         
2.58         -5.46968675          0.556916703          -4.91277004         
2.59         -5.5330112           0.620232992          -4.91277821         
2.6          -5.6072917           0.69450843           -4.91278327         
2.61         -5.68060625          0.767817797          -4.91278845         
2.62         -5.74325258          0.83046093           -4.91279165         
2.63         -5.78944761          0.876655817          -4.91279179         
2.64         -5.81740272          0.904612493          -4.91279023         
2.65         -5.82836312          0.91557694           -4.91278618         
2.66         -5.82529163          0.912508816          -4.91278282         
2.67         -5.81164837          0.898867963          -4.91278041         
2.68         -5.79052961          0.877751846          -4.91277776         
2.69         -5.76422989          0.851453396          -4.9127765          
2.7          -5.73416662          0.821391676          -4.91277495         
2.71         -5.70106947          0.788295101          -4.91277437         
2.72         -5.66526896          0.752495252          -4.91277371         
2.73         -5.62698388          0.714211404          -4.91277248         
2.74         -5.58652329          0.673751377          -4.91277192         
2.75         -5.54437745          0.631606013          -4.91277143         
2.76         -5.50122738          0.588455867          -4.91277151         
2.77         -5.45788801          0.545117483          -4.91277052         
2.78         -5.41523516          0.502468038          -4.91276712         
2.79         -5.37413591          0.461370371          -4.91276554         
2.8          -5.33537889          0.422614403          -4.91276448         
2.81         -5.29964423          0.38687991           -4.91276432         
2.82         -5.26748478          0.354719944          -4.91276484         
2.83         -5.23932326          0.326559447          -4.91276381         
2.84         -5.21546859          0.302704565          -4.91276402         
2.85         -5.19611812          0.283355594          -4.91276252         
2.86         -5.18138263          0.268620545          -4.91276208         
2.87         -5.17128932          0.25852566           -4.91276366         
2.88         -5.1657863           0.253020619          -4.91276568         
2.89         -5.16474622          0.251978813          -4.91276741         
2.9          -5.16796115          0.255192603          -4.91276855         
2.91         -5.175134            0.26236461           -4.91276939         
2.92         -5.18586615          0.273096314          -4.91276983         
2.93         -5.19965044          0.286877324          -4.91277311         
2.94         -5.21585226          0.303077664          -4.9127746          
2.95         -5.23372126          0.320947556          -4.9127737          
2.96         -5.25240216          0.339629963          -4.91277219         
2.97         -5.27096444          0.358191758          -4.91277269         
2.98         -5.28845268          0.375678609          -4.91277408         
2.99         -5.30397061          0.391197722          -4.91277288         
3            -5.31680012          0.404025666          -4.91277445         