-0.657014
-0.657012
-0.657009
-0.657007
-0.657004
-0.657002
-0.656999
-0.656997
-0.656994
-0.656992
-0.656989
-0.656987
-0.656984
-0.656982
-0.656979
-0.656977
-0.656974
-0.656972
-0.656969
-0.656967
-0.656964
-0.656962
-0.656959
-0.656957
-0.656954
-0.656952
-0.656949
-0.656947
-0.656944
-0.656942
-0.656939
-0.656937
-0.656934
-0.656931
-0.656929
-0.656926
-0.656924
-0.656921
-0.656919
-0.656916
-0.656914
-0.656911
-0.656909
-0.656906
-0.656904
-0.656901
-0.656899
-0.656896
-0.656894
-0.656891
-0.656888
-0.656886
-0.656883
-0.656881
-0.656878
-0.656876
-0.656873
-0.656871
-0.656868
-0.656866
-0.656863
-0.65686
-0.656858
-0.656855
-0.656853
-0.65685
-0.656848
-0.656845
-0.656843
-0.65684
-0.656837
-0.656835
-0.656832
-0.65683
-0.656827
-0.656825
-0.656822
-0.656819
-0.656817
-0.656814
-0.656812
-0.656809
-0.656806
-0.656804
-0.656801
-0.656799
-0.656796
-0.656794
-0.656791
-0.656788
-0.656786
-0.656783
-0.656781
-0.656778
-0.656775
-0.656773
-0.65677
-0.656767
-0.656765
-0.656762
-0.65676
-0.656757
-0.656754
-0.656752
-0.656749
-0.656746
-0.656744
-0.656741
-0.656739
-0.656736
-0.656733
-0.656731
-0.656728
-0.656725
-0.656723
-0.65672
-0.656717
-0.656715
-0.656712
-0.656709
-0.656707
-0.656704
-0.656701
-0.656699
-0.656696
-0.656693
-0.656691
-0.656688
-0.656685
-0.656683
-0.65668
-0.656677
-0.656674
-0.656672
-0.656669
-0.656666
-0.656664
-0.656661
-0.656658
-0.656655
-0.656653
-0.65665
-0.656647
-0.656645
-0.656642
-0.656639
-0.656636
-0.656634
-0.656631
-0.656628
-0.656625
-0.656623
-0.65662
-0.656617
-0.656614
-0.656612
-0.656609
-0.656606
-0.656603
-0.656601
-0.656598
-0.656595
-0.656592
-0.65659
-0.656587
-0.656584
-0.656581
-0.656578
-0.656576
-0.656573
-0.65657
-0.656567
-0.656564
-0.656562
-0.656559
-0.656556
-0.656553
-0.65655
-0.656548
-0.656545
-0.656542
-0.656539
-0.656536
-0.656533
-0.656531
-0.656528
-0.656525
-0.656522
-0.656519
-0.656516
-0.656514
-0.656511
-0.656508
-0.656505
-0.656502
-0.656499
-0.656497
-0.656494
-0.656491
-0.656488
-0.656485
-0.656482
-0.656479
-0.656477
-0.656474
-0.656471
-0.656468
-0.656465
-0.656462
-0.656459
-0.656457
-0.656454
-0.656451
-0.656448
-0.656445
-0.656442
-0.656439
-0.656436
-0.656434
-0.656431
-0.656428
-0.656425
-0.656422
-0.656419
-0.656416
-0.656414
-0.656411
-0.656408
-0.656405
-0.656402
-0.656399
-0.656396
-0.656393
-0.656391
-0.656388
-0.656385
-0.656382
-0.656379
-0.656376
-0.656373
-0.656371
-0.656368
-0.656365
-0.656362
-0.656359
-0.656356
-0.656354
-0.656351
-0.656348
-0.656345
-0.656342
-0.656339
-0.656337
-0.656334
-0.656331
-0.656328
-0.656325
-0.656323
-0.65632
-0.656317
-0.656314
-0.656312
-0.656309
-0.656306
-0.656303
-0.6563
-0.656298
-0.656295
-0.656292
-0.65629
-0.656287
-0.656284
-0.656281
-0.656279
-0.656276
-0.656273
-0.656271
-0.656268
-0.656265
-0.656263
-0.65626
-0.656258
-0.656255
-0.656252
-0.65625
-0.656247
-0.656245
-0.656242
-0.65624
-0.656237
-0.656235
-0.656232
-0.65623
-0.656227
-0.656225
-0.656222
-0.65622
-0.656217
-0.656215
-0.656213
-0.65621
-0.656208
-0.656206
-0.656203
-0.656201
-0.656199
-0.656196
-0.656194
-0.656192
-0.65619
-0.656188
-0.656185
-0.656183
-0.656181
-0.656179
-0.656177
-0.656175
-0.656173
-0.656171
-0.656169
-0.656167
-0.656165
-0.656163
-0.656161
-0.656159
-0.656157
-0.656156
-0.656154
-0.656152
-0.65615
-0.656149
-0.656147
-0.656145
-0.656144
-0.656142
-0.65614
-0.656139
-0.656137
-0.656136
-0.656134
-0.656133
-0.656132
-0.65613
-0.656129
-0.656128
-0.656126
-0.656125
-0.656124
-0.656123
-0.656122
-0.65612
-0.656119
-0.656118
-0.656117
-0.656116
-0.656115
-0.656114
-0.656114
-0.656113
-0.656112
-0.656111
-0.65611
-0.65611
-0.656109
-0.656108
-0.656108
-0.656107
-0.656107
-0.656106
-0.656106
-0.656105
-0.656105
-0.656104
-0.656104
-0.656104
-0.656103
-0.656103
-0.656103
-0.656103
-0.656102
-0.656102
-0.656102
-0.656102
-0.656102
-0.656102
-0.656102
-0.656102
-0.656102
-0.656102
-0.656102
-0.656102
-0.656102
-0.656102
-0.656102
-0.656102
-0.656102
-0.656102
-0.656102
-0.656102
-0.656102
-0.656102
-0.656102
-0.656102
-0.656102
-0.656102
-0.656102
-0.656102
-0.656102
-0.656102
-0.656102
-0.656101
-0.656101
-0.656101
-0.6561
-0.6561
-0.656099
-0.656099
-0.656098
-0.656097
-0.656096
-0.656096
-0.656094
-0.656093
-0.656092
-0.656091
-0.656089
-0.656088
-0.656086
-0.656084
-0.656082
-0.65608
-0.656078
-0.656075
-0.656072
-0.656069
-0.656066
-0.656063
-0.65606
-0.656056
-0.656052
-0.656048
-0.656043
-0.656038
-0.656033
-0.656028
-0.656023
-0.656017
-0.656011
-0.656004
-0.655997
-0.65599
-0.655982
-0.655975
-0.655966
-0.655958
-0.655949
-0.655939
-0.655929
-0.655919
-0.655908
-0.655897
-0.655885
-0.655873
-0.65586
-0.655847
-0.655833
-0.655819
-0.655804
-0.655789
-0.655773
-0.655756
-0.655739
-0.655721
-0.655703
-0.655684
-0.655665
-0.655644
-0.655623
-0.655602
-0.65558
-0.655557
-0.655533
-0.655509
-0.655484
-0.655458
-0.655432
-0.655404
-0.655377
-0.655348
-0.655318
-0.655288
-0.655257
-0.655226
-0.655193
-0.65516
-0.655126
-0.655091
-0.655055
-0.655019
-0.654982
-0.654944
-0.654905
-0.654866
-0.654826
-0.654785
-0.654743
-0.654701
-0.654658
-0.654614
-0.654569
-0.654524
-0.654478
-0.654431
-0.654384
-0.654335
-0.654287
-0.654237
-0.654187
-0.654137
-0.654086
-0.654034
-0.653982
-0.653929
-0.653875
-0.653822
-0.653767
-0.653713
-0.653657
-0.653602
-0.653546
-0.65349
-0.653433
-0.653376
-0.653319
-0.653261
-0.653204
-0.653146
-0.653088
-0.65303
-0.652971
-0.652913
-0.652854
-0.652796
-0.652737
-0.652679
-0.652621
-0.652562
-0.652504
-0.652446
-0.652388
-0.652331
-0.652273
-0.652216
-0.652159
-0.652102
-0.652046
-0.65199
-0.651934
-0.651879
-0.651824
-0.65177
-0.651716
-0.651663
-0.65161
-0.651558
-0.651506
-0.651455
-0.651404
-0.651354
-0.651305
-0.651256
-0.651208
-0.65116
-0.651113
-0.651067
-0.651022
-0.650977
-0.650933
-0.65089
-0.650848
-0.650806
-0.650765
-0.650725
-0.650685
-0.650646
-0.650609
-0.650571
-0.650535
-0.650499
-0.650465
-0.65043
-0.650397
-0.650365
-0.650333
-0.650302
-0.650272
-0.650242
-0.650213
-0.650186
-0.650158
-0.650132
-0.650106
-0.650081
-0.650057
-0.650033
-0.65001
-0.649988
-0.649966
-0.649945
-0.649925
-0.649905
-0.649886
-0.649868
-0.64985
-0.649833
-0.649817
-0.649801
-0.649785
-0.64977
-0.649756
-0.649742
-0.649729
-0.649716
-0.649704
-0.649692
-0.649681
-0.64967
-0.64966
-0.64965
-0.64964
-0.649631
-0.649622
-0.649614
-0.649606
-0.649598
-0.649591
-0.649584
-0.649578
-0.649571
-0.649565
-0.64956
-0.649554
-0.649549
-0.649545
-0.64954
-0.649536
-0.649532
-0.649528
-0.649524
-0.649521
-0.649518
-0.649515
-0.649512
-0.64951
-0.649507
-0.649505
-0.649503
-0.649501
-0.649499
-0.649497
-0.649496
-0.649494
-0.649493
-0.649492
-0.649491
-0.64949
-0.649489
-0.649488
-0.649487
-0.649486
-0.649486
-0.649485
-0.649485
-0.649484
-0.649484
-0.649484
-0.649483
-0.649483
-0.649483
-0.649483
-0.649482
-0.649482
-0.649482
-0.649482
-0.649482
-0.649482
-0.649482
-0.649482
-0.649482
-0.649482
-0.649482
-0.649482
-0.649482
-0.649481
-0.649481
-0.649481
-0.649481
-0.649481
-0.649481
-0.649481
-0.649481
-0.649481
-0.64948
-0.64948
-0.64948
-0.64948
-0.649479
-0.649479
-0.649479
-0.649478
-0.649478
-0.649477
-0.649477
-0.649476
-0.649476
-0.649475
-0.649475
-0.649474
-0.649474
-0.649473
-0.649472
-0.649471
-0.649471
-0.64947
-0.649469
-0.649468
-0.649467
-0.649466
-0.649465
-0.649464
-0.649463
-0.649462
-0.649461
-0.64946
-0.649459
-0.649458
-0.649456
-0.649455
-0.649454
-0.649453
-0.649451
-0.64945
-0.649448
-0.649447
-0.649445
-0.649444
-0.649442
-0.649441
-0.649439
-0.649438
-0.649436
-0.649434
-0.649433
-0.649431
-0.649429
-0.649427
-0.649425
-0.649424
-0.649422
-0.64942
-0.649418
-0.649416
-0.649414
-0.649412
-0.64941
-0.649408
-0.649406
-0.649404
-0.649402
-0.6494
-0.649398
-0.649395
-0.649393
-0.649391
-0.649389
-0.649387
-0.649384
-0.649382
-0.64938
-0.649377
-0.649375
-0.649373
-0.64937
-0.649368
-0.649366
-0.649363
-0.649361
-0.649358
-0.649356
-0.649353
-0.649351
-0.649348
-0.649346
-0.649343
-0.649341
-0.649338
-0.649336
-0.649333
-0.649331
-0.649328
-0.649325
-0.649323
-0.64932
-0.649317
-0.649315
-0.649312
-0.649309
-0.649307
-0.649304
-0.649301
-0.649299
-0.649296
-0.649293
-0.649291
-0.649288
-0.649285
-0.649282
-0.64928
-0.649277
-0.649274
-0.649271
-0.649269
-0.649266
-0.649263
-0.64926
-0.649257
-0.649255
-0.649252
-0.649249
-0.649246
-0.649243
-0.64924
-0.649238
-0.649235
-0.649232
-0.649229
-0.649226
-0.649223
-0.649221
-0.649218
-0.649215
-0.649212
-0.649209
-0.649206
-0.649203
-0.649201
-0.649198
-0.649195
-0.649192
-0.649189
-0.649186
-0.649183
-0.649181
-0.649178
-0.649175
-0.649172
-0.649169
-0.649166
-0.649163
-0.64916
-0.649158
-0.649155
-0.649152
-0.649149
-0.649146
-0.649143
-0.64914
-0.649137
-0.649135
-0.649132
-0.649129
-0.649126
-0.649123
-0.64912
-0.649117
-0.649115
-0.649112
-0.649109
-0.649106
-0.649103
-0.6491
-0.649097
-0.649095
-0.649092
-0.649089
-0.649086
-0.649083
-0.64908
-0.649077
-0.649075
-0.649072
-0.649069
-0.649066
-0.649063
-0.64906
-0.649058
-0.649055
-0.649052
-0.649049
-0.649046
-0.649043
-0.649041
-0.649038
-0.649035
-0.649032
-0.649029
-0.649027
-0.649024
-0.649021
-0.649018
-0.649015
-0.649013
-0.64901
-0.649007
-0.649004
-0.649001
-0.648999
-0.648996
-0.648993
-0.64899
-0.648988
-0.648985
-0.648982
-0.648979
-0.648977
-0.648974
-0.648971
-0.648968
-0.648966
-0.648963
-0.64896
-0.648957
-0.648955
-0.648952
-0.648949
-0.648946
-0.648944
-0.648941
-0.648938
-0.648936
-0.648933
-0.64893
-0.648927
-0.648925
-0.648922
-0.648919
-0.648917
-0.648914
-0.648911
-0.648909
-0.648906
-0.648903
-0.648901
-0.648898
-0.648895
-0.648893
-0.64889
-0.648887
-0.648885
-0.648882
-0.648879
-0.648877
-0.648874
-0.648871
-0.648869
-0.648866
-0.648863
-0.648861
-0.648858
-0.648855
-0.648853
-0.64885
-0.648848
-0.648845
-0.648842
-0.64884
-0.648837
-0.648834
-0.648832
-0.648829
-0.648827
-0.648824
-0.648821
-0.648819
-0.648816
-0.648814
-0.648811
-0.648808
-0.648806
-0.648803
-0.648801
-0.648798
-0.648795
-0.648793
-0.64879
-0.648788
-0.648785
-0.648783
-0.64878
-0.648777