Time [s]     Potential       Kinetic         Total          
------------------------------------------------------------
0.000        -2.624999       6.000000        3.375001       
0.001        -2.620672       5.995667        3.374996       
0.002        -2.616474       5.991426        3.374952       
0.003        -2.612406       5.987275        3.374870       
0.004        -2.608467       5.983215        3.374748       
0.005        -2.604656       5.979244        3.374588       
0.006        -2.600972       5.975364        3.374392       
0.007        -2.597415       5.971573        3.374159       
0.008        -2.593983       5.967872        3.373890       
0.009        -2.590675       5.964259        3.373584       
0.010        -2.587491       5.960735        3.373244       
