Time [s]   Potential       Kinetic         Total          
------------------------------------------------------------
0.000      -2.624999       6.000000        3.375001       
0.001      -2.620672       5.995667        3.374996       
0.002      -2.616474       5.991457        3.374983       
0.003      -2.612406       5.987367        3.374961       
0.004      -2.608467       5.983397        3.374931       
0.005      -2.604656       5.979548        3.374892       
0.006      -2.600971       5.975818        3.374846       
0.007      -2.597413       5.972207        3.374794       
0.008      -2.593980       5.968713        3.374733       
0.009      -2.590671       5.965337        3.374666       
0.010      -2.587486       5.962077        3.374592       
0.011      -2.584423       5.958934        3.374512       
0.012      -2.581481       5.955906        3.374425       
0.013      -2.578659       5.952994        3.374334       
0.014      -2.575958       5.950195        3.374238       
0.015      -2.573376       5.947511        3.374135       
0.016      -2.570910       5.944939        3.374030       
0.017      -2.568561       5.942481        3.373919       
0.018      -2.566329       5.940134        3.373805       
0.019      -2.564211       5.937898        3.373687       
0.020      -2.562208       5.935773        3.373565       
0.021      -2.560317       5.933759        3.373442       
0.022      -2.558538       5.931854        3.373315       
0.023      -2.556871       5.930058        3.373187       
0.024      -2.555314       5.928371        3.373056       
0.025      -2.553867       5.926791        3.372924       
0.026      -2.552527       5.925319        3.372792       
0.027      -2.551295       5.923954        3.372659       
0.028      -2.550171       5.922695        3.372524       
0.029      -2.549152       5.921542        3.372390       
0.030      -2.548238       5.920494        3.372255       
0.031      -2.547428       5.919551        3.372122       
0.032      -2.546721       5.918711        3.371990       
0.033      -2.546117       5.917976        3.371859       
0.034      -2.545614       5.917343        3.371730       
0.035      -2.545211       5.916813        3.371602       
0.036      -2.544908       5.916386        3.371478       
0.037      -2.544703       5.916059        3.371355       
0.038      -2.544597       5.915833        3.371236       
0.039      -2.544589       5.915708        3.371119       
0.040      -2.544676       5.915683        3.371007       
0.041      -2.544860       5.915757        3.370898       
0.042      -2.545138       5.915931        3.370793       
0.043      -2.545510       5.916202        3.370692       
0.044      -2.545974       5.916571        3.370597       
0.045      -2.546531       5.917038        3.370506       
0.046      -2.547180       5.917601        3.370421       
0.047      -2.547919       5.918261        3.370342       
0.048      -2.548748       5.919017        3.370269       
0.049      -2.549666       5.919868        3.370201       
0.050      -2.550672       5.920814        3.370141       
0.051      -2.551766       5.921854        3.370087       
0.052      -2.552947       5.922988        3.370041       
0.053      -2.554214       5.924215        3.370001       
0.054      -2.555566       5.925536        3.369970       
0.055      -2.557003       5.926948        3.369946       
0.056      -2.558524       5.928453        3.369929       
0.057      -2.560127       5.930048        3.369921       
0.058      -2.561814       5.931734        3.369921       
0.059      -2.563581       5.933511        3.369930       
0.060      -2.565429       5.935377        3.369948       
0.061      -2.567358       5.937332        3.369975       
0.062      -2.569366       5.939377        3.370011       
0.063      -2.571452       5.941509        3.370057       
0.064      -2.573617       5.943728        3.370112       
0.065      -2.575858       5.946035        3.370177       
0.066      -2.578176       5.948429        3.370253       
0.067      -2.580570       5.950908        3.370337       
0.068      -2.583039       5.953472        3.370433       
0.069      -2.585583       5.956122        3.370539       
0.070      -2.588200       5.958856        3.370657       
0.071      -2.590891       5.961674        3.370783       
0.072      -2.593654       5.964575        3.370921       
0.073      -2.596488       5.967558        3.371070       
0.074      -2.599394       5.970624        3.371230       
0.075      -2.602370       5.973771        3.371401       
0.076      -2.605415       5.976999        3.371584       
0.077      -2.608530       5.980307        3.371778       
0.078      -2.611712       5.983695        3.371983       
0.079      -2.614962       5.987162        3.372200       
0.080      -2.618279       5.990707        3.372428       
0.081      -2.621662       5.994331        3.372669       
0.082      -2.625110       5.998032        3.372921       
0.083      -2.628623       6.001809        3.373186       
0.084      -2.632201       6.005662        3.373461       
0.085      -2.635841       6.009591        3.373750       
0.086      -2.639545       6.013594        3.374049       
0.087      -2.643311       6.017672        3.374360       
0.088      -2.647138       6.021822        3.374684       
0.089      -2.651027       6.026045        3.375019       
0.090      -2.654975       6.030341        3.375366       
0.091      -2.658982       6.034707        3.375725       
0.092      -2.663049       6.039145        3.376096       
0.093      -2.667173       6.043652        3.376479       
0.094      -2.671355       6.048228        3.376873       
0.095      -2.675594       6.052873        3.377279       
0.096      -2.679888       6.057585        3.377697       
0.097      -2.684239       6.062364        3.378126       
0.098      -2.688644       6.067210        3.378566       
0.099      -2.693102       6.072121        3.379019       
0.100      -2.697615       6.077097        3.379482       
0.101      -2.702179       6.082136        3.379957       
0.102      -2.706797       6.087239        3.380442       
0.103      -2.711464       6.092404        3.380939       
0.104      -2.716184       6.097630        3.381446       
0.105      -2.720952       6.102917        3.381965       
0.106      -2.725769       6.108263        3.382495       
0.107      -2.730635       6.113670        3.383035       
0.108      -2.735549       6.119134        3.383585       
0.109      -2.740509       6.124655        3.384146       
0.110      -2.745516       6.130233        3.384717       
0.111      -2.750568       6.135866        3.385297       
0.112      -2.755665       6.141554        3.385889       
0.113      -2.760807       6.147295        3.386488       
0.114      -2.765992       6.153090        3.387098       
0.115      -2.771219       6.158936        3.387717       
0.116      -2.776488       6.164833        3.388345       
0.117      -2.781799       6.170780        3.388982       
0.118      -2.787149       6.176777        3.389628       
0.119      -2.792540       6.182821        3.390282       
0.120      -2.797968       6.188913        3.390945       
0.121      -2.803436       6.195050        3.391614       
0.122      -2.808942       6.201233        3.392291       
0.123      -2.814483       6.207461        3.392977       
0.124      -2.820061       6.213731        3.393669       
0.125      -2.825674       6.220043        3.394369       
0.126      -2.831322       6.226397        3.395075       
0.127      -2.837003       6.232791        3.395787       
0.128      -2.842718       6.239223        3.396506       
0.129      -2.848463       6.245694        3.397231       
0.130      -2.854241       6.252202        3.397961       
0.131      -2.860049       6.258746        3.398697       
0.132      -2.865886       6.265324        3.399438       
0.133      -2.871752       6.271937        3.400185       
0.134      -2.877646       6.278581        3.400935       
0.135      -2.883567       6.285259        3.401691       
0.136      -2.889516       6.291965        3.402449       
0.137      -2.895489       6.298702        3.403213       
0.138      -2.901487       6.305466        3.403979       
0.139      -2.907509       6.312258        3.404750       
0.140      -2.913553       6.319077        3.405523       
0.141      -2.919620       6.325919        3.406299       
0.142      -2.925708       6.332786        3.407077       
0.143      -2.931817       6.339675        3.407857       
0.144      -2.937945       6.346585        3.408640       
0.145      -2.944093       6.353516        3.409423       
0.146      -2.950257       6.360466        3.410209       
0.147      -2.956438       6.367435        3.410996       
0.148      -2.962636       6.374419        3.411783       
0.149      -2.968849       6.381420        3.412571       
0.150      -2.975075       6.388435        3.413360       
0.151      -2.981315       6.395463        3.414149       
0.152      -2.987567       6.402504        3.414938       
0.153      -2.993830       6.409556        3.415726       
0.154      -3.000104       6.416617        3.416513       
0.155      -3.006387       6.423688        3.417301       
0.156      -3.012679       6.430766        3.418087       
0.157      -3.018978       6.437850        3.418872       
0.158      -3.025284       6.444939        3.419655       
0.159      -3.031595       6.452033        3.420437       
0.160      -3.037910       6.459129        3.421219       
0.161      -3.044230       6.466227        3.421997       
0.162      -3.050553       6.473325        3.422772       
0.163      -3.056876       6.480423        3.423547       
0.164      -3.063201       6.487519        3.424318       
0.165      -3.069524       6.494612        3.425088       
0.166      -3.075847       6.501701        3.425854       
0.167      -3.082166       6.508785        3.426619       
0.168      -3.088482       6.515862        3.427380       
0.169      -3.094794       6.522932        3.428138       
0.170      -3.101099       6.529993        3.428894       
0.171      -3.107398       6.537045        3.429647       
0.172      -3.113687       6.544085        3.430398       
0.173      -3.119968       6.551114        3.431146       
0.174      -3.126239       6.558130        3.431891       
0.175      -3.132499       6.565131        3.432632       
0.176      -3.138746       6.572118        3.433372       
0.177      -3.144980       6.579088        3.434109       
0.178      -3.151198       6.586041        3.434843       
0.179      -3.157402       6.592976        3.435574       
0.180      -3.163587       6.599891        3.436304       
0.181      -3.169754       6.606785        3.437031       
0.182      -3.175900       6.613658        3.437757       
0.183      -3.182026       6.620508        3.438482       
0.184      -3.188131       6.627335        3.439204       
0.185      -3.194211       6.634138        3.439926       
0.186      -3.200267       6.640914        3.440647       
0.187      -3.206297       6.647664        3.441367       
0.188      -3.212299       6.654386        3.442087       
0.189      -3.218272       6.661080        3.442808       
0.190      -3.224216       6.667744        3.443528       
0.191      -3.230128       6.674378        3.444250       
0.192      -3.236007       6.680981        3.444974       
0.193      -3.241852       6.687551        3.445700       
0.194      -3.247660       6.694088        3.446428       
0.195      -3.253431       6.700591        3.447159       
0.196      -3.259164       6.707059        3.447895       
0.197      -3.264857       6.713491        3.448634       
0.198      -3.270507       6.719886        3.449379       
0.199      -3.276114       6.726243        3.450129       
0.200      -3.281676       6.732563        3.450886       
0.201      -3.287192       6.738842        3.451650       
0.202      -3.292660       6.745081        3.452421       
0.203      -3.298078       6.751280        3.453202       
0.204      -3.303443       6.757436        3.453993       
0.205      -3.308757       6.763550        3.454793       
0.206      -3.314015       6.769620        3.455605       
0.207      -3.319216       6.775646        3.456430       
0.208      -3.324359       6.781626        3.457268       
0.209      -3.329441       6.787561        3.458119       
0.210      -3.334460       6.793449        3.458988       
0.211      -3.339416       6.799288        3.459873       
0.212      -3.344305       6.805081        3.460775       
0.213      -3.349126       6.810824        3.461698       
0.214      -3.353877       6.816516        3.462640       
0.215      -3.358556       6.822159        3.463603       
0.216      -3.363160       6.827750        3.464590       
0.217      -3.367687       6.833288        3.465601       
0.218      -3.372136       6.838774        3.466638       
0.219      -3.376504       6.844206        3.467701       
0.220      -3.380789       6.849583        3.468794       
0.221      -3.384989       6.854906        3.469917       
0.222      -3.389100       6.860172        3.471072       
0.223      -3.393122       6.865382        3.472260       
0.224      -3.397051       6.870534        3.473483       
0.225      -3.400886       6.875629        3.474743       
0.226      -3.404622       6.880665        3.476042       
0.227      -3.408259       6.885640        3.477382       
0.228      -3.411793       6.890556        3.478763       
0.229      -3.415222       6.895411        3.480189       
0.230      -3.418543       6.900205        3.481663       
0.231      -3.421753       6.904936        3.483183       
0.232      -3.424851       6.909604        3.484753       
0.233      -3.427832       6.914209        3.486378       
0.234      -3.430694       6.918750        3.488056       
0.235      -3.433434       6.923227        3.489793       
0.236      -3.436050       6.927638        3.491588       
0.237      -3.438539       6.931984        3.493446       
0.238      -3.440897       6.936265        3.495368       
0.239      -3.443122       6.940479        3.497357       
0.240      -3.445209       6.944626        3.499417       
0.241      -3.447158       6.948707        3.501549       
0.242      -3.448964       6.952721        3.503757       
0.243      -3.450624       6.956667        3.506043       
0.244      -3.452137       6.960546        3.508410       
0.245      -3.453497       6.964359        3.510862       
0.246      -3.454703       6.968104        3.513401       
0.247      -3.455751       6.971783        3.516032       
0.248      -3.456638       6.975395        3.518757       
0.249      -3.457362       6.978942        3.521580       
0.250      -3.457918       6.982425        3.524506       
0.251      -3.458305       6.985842        3.527537       
0.252      -3.458520       6.989198        3.530678       
0.253      -3.458558       6.992491        3.533933       
0.254      -3.458419       6.995725        3.537307       
0.255      -3.458097       6.998900        3.540803       
0.256      -3.457592       7.002019        3.544427       
0.257      -3.456901       7.005084        3.548183       
0.258      -3.456020       7.008097        3.552077       
0.259      -3.454948       7.011061        3.556113       
0.260      -3.453683       7.013980        3.560297       
0.261      -3.452222       7.016858        3.564636       
0.262      -3.450563       7.019697        3.569134       
0.263      -3.448705       7.022502        3.573797       
0.264      -3.446645       7.025279        3.578634       
0.265      -3.444383       7.028033        3.583650       
0.266      -3.441917       7.030769        3.588852       
0.267      -3.439246       7.033494        3.594248       
0.268      -3.436370       7.036215        3.599845       
0.269      -3.433288       7.038939        3.605651       
0.270      -3.430000       7.041675        3.611675       
0.271      -3.426505       7.044431        3.617925       
0.272      -3.422805       7.047216        3.624411       
0.273      -3.418901       7.050042        3.631141       
0.274      -3.414792       7.052919        3.638127       
0.275      -3.410481       7.055859        3.645377       
0.276      -3.405971       7.058874        3.652903       
0.277      -3.401262       7.061978        3.660716       
0.278      -3.396359       7.065185        3.668826       
0.279      -3.391263       7.068510        3.677247       
0.280      -3.385980       7.071970        3.685990       
0.281      -3.380513       7.075581        3.695068       
0.282      -3.374867       7.079363        3.704496       
0.283      -3.369047       7.083332        3.714285       
0.284      -3.363059       7.087511        3.724451       
0.285      -3.356911       7.091919        3.735008       
0.286      -3.350608       7.096579        3.745972       
0.287      -3.344157       7.101514        3.757357       
0.288      -3.337569       7.106749        3.769179       
0.289      -3.330851       7.112308        3.781457       
0.290      -3.324012       7.118216        3.794205       
0.291      -3.317061       7.124502        3.807441       
0.292      -3.310014       7.131193        3.821180       
0.293      -3.302876       7.138319        3.835443       
0.294      -3.295660       7.145908        3.850248       
0.295      -3.288381       7.153992        3.865610       
0.296      -3.281050       7.162601        3.881550       
0.297      -3.273681       7.171767        3.898086       
0.298      -3.266289       7.181524        3.915234       
0.299      -3.258887       7.191904        3.933017       
0.300      -3.251491       7.202940        3.951450       
0.301      -3.244114       7.214667        3.970553       
0.302      -3.236775       7.227118        3.990343       
0.303      -3.229490       7.240327        4.010837       
0.304      -3.222274       7.254328        4.032054       
0.305      -3.215145       7.269155        4.054010       
0.306      -3.208120       7.284841        4.076721       
0.307      -3.201215       7.301418        4.100203       
0.308      -3.194447       7.318919        4.124472       
0.309      -3.187836       7.337375        4.149539       
0.310      -3.181397       7.356817        4.175419       
0.311      -3.175148       7.377272        4.202124       
0.312      -3.169105       7.398770        4.229665       
0.313      -3.163286       7.421335        4.258049       
0.314      -3.157706       7.444992        4.287286       
0.315      -3.152383       7.469764        4.317381       
0.316      -3.147331       7.495670        4.348340       
0.317      -3.142564       7.522728        4.380164       
0.318      -3.138098       7.550954        4.412856       
0.319      -3.133947       7.580361        4.446414       
0.320      -3.130122       7.610958        4.480835       
0.321      -3.126634       7.642752        4.516118       
0.322      -3.123497       7.675746        4.552249       
0.323      -3.120719       7.709943        4.589224       
0.324      -3.118308       7.745338        4.627030       
0.325      -3.116271       7.781926        4.665655       
0.326      -3.114619       7.819697        4.705078       
0.327      -3.113355       7.858638        4.745283       
0.328      -3.112481       7.898732        4.786251       
0.329      -3.112003       7.939958        4.827955       
0.330      -3.111920       7.982292        4.870372       
0.331      -3.112234       8.025707        4.913472       
0.332      -3.112945       8.070171        4.957226       
0.333      -3.114047       8.115649        5.001602       
0.334      -3.115540       8.162103        5.046564       
0.335      -3.117413       8.209491        5.092079       
0.336      -3.119665       8.257770        5.138105       
0.337      -3.122286       8.306891        5.184605       
0.338      -3.125269       8.356803        5.231534       
0.339      -3.128602       8.407452        5.278849       
0.340      -3.132275       8.458782        5.326506       
0.341      -3.136276       8.510736        5.374460       
0.342      -3.140588       8.563251        5.422663       
0.343      -3.145201       8.616269        5.471067       
0.344      -3.150098       8.669722        5.519624       
0.345      -3.155263       8.723546        5.568282       
0.346      -3.160679       8.777675        5.616996       
0.347      -3.166329       8.832042        5.665712       
0.348      -3.172198       8.886578        5.714380       
0.349      -3.178262       8.941215        5.762953       
0.350      -3.184506       8.995885        5.811379       
0.351      -3.190910       9.050520        5.859610       
0.352      -3.197455       9.105051        5.907596       
0.353      -3.204120       9.159413        5.955292       
0.354      -3.210888       9.213537        6.002649       
0.355      -3.217738       9.267359        6.049621       
0.356      -3.224650       9.320817        6.096166       
0.357      -3.231607       9.373845        6.142238       
0.358      -3.238588       9.426385        6.187798       
0.359      -3.245575       9.478377        6.232802       
0.360      -3.252550       9.529765        6.277215       
0.361      -3.259496       9.580493        6.320998       
0.362      -3.266392       9.630511        6.364119       
0.363      -3.273226       9.679766        6.406540       
0.364      -3.279977       9.728212        6.448235       
0.365      -3.286632       9.775804        6.489172       
0.366      -3.293175       9.822500        6.529325       
0.367      -3.299592       9.868261        6.568669       
0.368      -3.305869       9.913049        6.607179       
0.369      -3.311993       9.956830        6.644837       
0.370      -3.317953       9.999574        6.681621       
0.371      -3.323736       10.041250       6.717514       
0.372      -3.329331       10.081835       6.752504       
0.373      -3.334729       10.121304       6.786575       
0.374      -3.339920       10.159637       6.819717       
0.375      -3.344896       10.196816       6.851920       
0.376      -3.349650       10.232825       6.883176       
0.377      -3.354173       10.267653       6.913480       
0.378      -3.358460       10.301289       6.942829       
0.379      -3.362504       10.333723       6.971219       
0.380      -3.366301       10.364952       6.998650       
0.381      -3.369848       10.394971       7.025122       
0.382      -3.373139       10.423779       7.050640       
0.383      -3.376172       10.451377       7.075205       
0.384      -3.378945       10.477767       7.098822       
0.385      -3.381456       10.502953       7.121497       
0.386      -3.383704       10.526940       7.143237       
0.387      -3.385687       10.549738       7.164051       
0.388      -3.387405       10.571354       7.183949       
0.389      -3.388859       10.591799       7.202940       
0.390      -3.390050       10.611086       7.221035       
0.391      -3.390978       10.629226       7.238248       
0.392      -3.391646       10.646235       7.254589       
0.393      -3.392054       10.662127       7.270073       
0.394      -3.392205       10.676918       7.284713       
0.395      -3.392102       10.690625       7.298524       
0.396      -3.391747       10.703267       7.311520       
0.397      -3.391143       10.714862       7.323718       
0.398      -3.390295       10.725428       7.335133       
0.399      -3.389205       10.734985       7.345780       
0.400      -3.387877       10.743553       7.355676       
0.401      -3.386315       10.751154       7.364839       
0.402      -3.384524       10.757806       7.373282       
0.403      -3.382506       10.763532       7.381025       
0.404      -3.380269       10.768353       7.388084       
0.405      -3.377814       10.772290       7.394476       
0.406      -3.375148       10.775364       7.400216       
0.407      -3.372275       10.777598       7.405324       
0.408      -3.369199       10.779014       7.409815       
0.409      -3.365926       10.779631       7.413706       
0.410      -3.362459       10.779473       7.417013       
0.411      -3.358806       10.778559       7.419753       
0.412      -3.354969       10.776912       7.421944       
0.413      -3.350955       10.774553       7.423598       
0.414      -3.346767       10.771502       7.424736       
0.415      -3.342411       10.767781       7.425371       
0.416      -3.337891       10.763410       7.425518       
0.417      -3.333214       10.758408       7.425193       
0.418      -3.328383       10.752795       7.424412       
0.419      -3.323403       10.746592       7.423189       
0.420      -3.318279       10.739818       7.421539       
0.421      -3.313016       10.732491       7.419475       
0.422      -3.307617       10.724629       7.417012       
0.423      -3.302089       10.716252       7.414163       
0.424      -3.296435       10.707377       7.410942       
0.425      -3.290660       10.698022       7.407362       
0.426      -3.284768       10.688204       7.403436       
0.427      -3.278763       10.677938       7.399175       
0.428      -3.272650       10.667243       7.394593       
0.429      -3.266433       10.656134       7.389701       
0.430      -3.260115       10.644627       7.384512       
0.431      -3.253702       10.632736       7.379034       
0.432      -3.247196       10.620477       7.373282       
0.433      -3.240601       10.607866       7.367264       
0.434      -3.233922       10.594914       7.360991       
0.435      -3.227162       10.581636       7.354474       
0.436      -3.220324       10.568046       7.347722       
0.437      -3.213412       10.554158       7.340746       
0.438      -3.206429       10.539982       7.333553       
0.439      -3.199380       10.525532       7.326152       
0.440      -3.192266       10.510820       7.318555       
0.441      -3.185091       10.495857       7.310766       
0.442      -3.177859       10.480656       7.302797       
0.443      -3.170571       10.465226       7.294655       
0.444      -3.163232       10.449579       7.286348       
0.445      -3.155844       10.433725       7.277881       
0.446      -3.148409       10.417673       7.269264       
0.447      -3.140931       10.401434       7.260503       
0.448      -3.133412       10.385017       7.251606       
0.449      -3.125854       10.368431       7.242577       
0.450      -3.118261       10.351686       7.233425       
0.451      -3.110634       10.334788       7.224154       
0.452      -3.102976       10.317747       7.214772       
0.453      -3.095288       10.300572       7.205283       
0.454      -3.087574       10.283269       7.195694       
0.455      -3.079836       10.265846       7.186010       
0.456      -3.072075       10.248311       7.176236       
0.457      -3.064293       10.230670       7.166377       
0.458      -3.056493       10.212931       7.156438       
0.459      -3.048676       10.195099       7.146423       
0.460      -3.040845       10.177182       7.136337       
0.461      -3.033001       10.159185       7.126184       
0.462      -3.025145       10.141115       7.115970       
0.463      -3.017280       10.122977       7.105697       
0.464      -3.009406       10.104777       7.095370       
0.465      -3.001526       10.086520       7.084994       
0.466      -2.993641       10.068212       7.074571       
0.467      -2.985753       10.049857       7.064104       
0.468      -2.977863       10.031461       7.053598       
0.469      -2.969972       10.013027       7.043055       
0.470      -2.962082       9.994562        7.032480       
0.471      -2.954194       9.976068        7.021874       
0.472      -2.946309       9.957550        7.011241       
0.473      -2.938428       9.939013        7.000584       
0.474      -2.930554       9.920459        6.989905       
0.475      -2.922686       9.901894        6.979209       
0.476      -2.914825       9.883320        6.968495       
0.477      -2.906974       9.864742        6.957768       
0.478      -2.899132       9.846162        6.947029       
0.479      -2.891302       9.827583        6.936281       
0.480      -2.883483       9.809010        6.925527       
0.481      -2.875676       9.790446        6.914769       
0.482      -2.867884       9.771892        6.904008       
0.483      -2.860106       9.753353        6.893247       
0.484      -2.852343       9.734830        6.882487       
0.485      -2.844597       9.716326        6.871730       
0.486      -2.836867       9.697845        6.860978       
0.487      -2.829155       9.679389        6.850234       
0.488      -2.821460       9.660959        6.839499       
0.489      -2.813786       9.642559        6.828773       
0.490      -2.806130       9.624190        6.818060       
0.491      -2.798496       9.605855        6.807359       
0.492      -2.790881       9.587556        6.796675       
0.493      -2.783288       9.569294        6.786006       
0.494      -2.775718       9.551072        6.775354       
0.495      -2.768170       9.532892        6.764722       
0.496      -2.760645       9.514754        6.754110       
0.497      -2.753143       9.496662        6.743519       
0.498      -2.745666       9.478617        6.732951       
0.499      -2.738213       9.460621        6.722408       
0.500      -2.730785       9.442674        6.711889       
