# Time	Pos	PotentialE	KineticE	TotalE
0.000000	1.300000	-8.349325	0.000000	-8.349325
0.001000	1.299996	-8.349358	0.000033	-8.349325
0.002000	1.299984	-8.349458	0.000133	-8.349325
0.003000	1.299963	-8.349624	0.000299	-8.349325
0.004000	1.299935	-8.349857	0.000532	-8.349325
0.005000	1.299898	-8.350156	0.000832	-8.349325
0.006000	1.299853	-8.350523	0.001198	-8.349325
0.007000	1.299800	-8.350955	0.001631	-8.349325
0.008000	1.299739	-8.351454	0.002130	-8.349325
0.009000	1.299670	-8.352020	0.002696	-8.349325
0.010000	1.299592	-8.352653	0.003328	-8.349325
0.011000	1.299506	-8.353352	0.004028	-8.349325
0.012000	1.299413	-8.354119	0.004794	-8.349325
0.013000	1.299311	-8.354952	0.005627	-8.349325
0.014000	1.299200	-8.355851	0.006527	-8.349325
0.015000	1.299082	-8.356818	0.007493	-8.349325
0.016000	1.298956	-8.357852	0.008527	-8.349325
0.017000	1.298821	-8.358952	0.009628	-8.349325
0.018000	1.298678	-8.360120	0.010795	-8.349325
0.019000	1.298527	-8.361355	0.012030	-8.349325
0.020000	1.298368	-8.362657	0.013332	-8.349325
0.021000	1.298200	-8.364026	0.014702	-8.349325
0.022000	1.298025	-8.365463	0.016138	-8.349325
0.023000	1.297841	-8.366967	0.017643	-8.349325
0.024000	1.297649	-8.368539	0.019214	-8.349325
0.025000	1.297449	-8.370178	0.020853	-8.349325
0.026000	1.297241	-8.371885	0.022560	-8.349325
0.027000	1.297024	-8.373660	0.024335	-8.349325
0.028000	1.296800	-8.375502	0.026178	-8.349325
0.029000	1.296567	-8.377413	0.028088	-8.349325
0.030000	1.296325	-8.379391	0.030067	-8.349325
0.031000	1.296076	-8.381438	0.032114	-8.349324
0.032000	1.295819	-8.383554	0.034229	-8.349324
0.033000	1.295553	-8.385737	0.036413	-8.349324
0.034000	1.295279	-8.387989	0.038665	-8.349324
0.035000	1.294997	-8.390310	0.040986	-8.349324
0.036000	1.294706	-8.392700	0.043375	-8.349324
0.037000	1.294408	-8.395158	0.045834	-8.349324
0.038000	1.294101	-8.397686	0.048361	-8.349324
0.039000	1.293786	-8.400283	0.050958	-8.349324
0.040000	1.293462	-8.402949	0.053624	-8.349324
0.041000	1.293131	-8.405684	0.056360	-8.349324
0.042000	1.292791	-8.408490	0.059165	-8.349324
0.043000	1.292443	-8.411365	0.062040	-8.349324
0.044000	1.292086	-8.414309	0.064985	-8.349324
0.045000	1.291722	-8.417325	0.068000	-8.349324
0.046000	1.291349	-8.420410	0.071086	-8.349324
0.047000	1.290968	-8.423566	0.074241	-8.349324
0.048000	1.290578	-8.426792	0.077468	-8.349324
0.049000	1.290180	-8.430089	0.080765	-8.349324
0.050000	1.289774	-8.433457	0.084133	-8.349324
0.051000	1.289360	-8.436896	0.087572	-8.349324
0.052000	1.288937	-8.440407	0.091083	-8.349324
0.053000	1.288506	-8.443989	0.094665	-8.349324
0.054000	1.288067	-8.447643	0.098318	-8.349324
0.055000	1.287619	-8.451368	0.102044	-8.349324
0.056000	1.287163	-8.455166	0.105841	-8.349324
0.057000	1.286699	-8.459036	0.109711	-8.349324
0.058000	1.286227	-8.462978	0.113654	-8.349324
0.059000	1.285746	-8.466993	0.117669	-8.349324
0.060000	1.285256	-8.471081	0.121757	-8.349324
0.061000	1.284759	-8.475242	0.125918	-8.349324
0.062000	1.284253	-8.479477	0.130153	-8.349324
0.063000	1.283738	-8.483785	0.134461	-8.349324
0.064000	1.283216	-8.488167	0.138843	-8.349324
0.065000	1.282684	-8.492623	0.143299	-8.349324
0.066000	1.282145	-8.497153	0.147829	-8.349324
0.067000	1.281597	-8.501757	0.152433	-8.349324
0.068000	1.281041	-8.506437	0.157113	-8.349324
0.069000	1.280476	-8.511191	0.161867	-8.349324
0.070000	1.279903	-8.516020	0.166696	-8.349324
0.071000	1.279321	-8.520925	0.171601	-8.349324
0.072000	1.278731	-8.525906	0.176582	-8.349324
0.073000	1.278132	-8.530962	0.181638	-8.349324
0.074000	1.277526	-8.536095	0.186771	-8.349324
0.075000	1.276910	-8.541304	0.191980	-8.349324
0.076000	1.276286	-8.546590	0.197266	-8.349324
0.077000	1.275654	-8.551953	0.202629	-8.349324
0.078000	1.275013	-8.557393	0.208069	-8.349324
0.079000	1.274364	-8.562910	0.213586	-8.349324
0.080000	1.273706	-8.568506	0.219182	-8.349324
0.081000	1.273040	-8.574179	0.224855	-8.349324
0.082000	1.272365	-8.579931	0.230607	-8.349324
0.083000	1.271681	-8.585761	0.236437	-8.349324
0.084000	1.270989	-8.591670	0.242346	-8.349324
0.085000	1.270289	-8.597659	0.248335	-8.349324
0.086000	1.269580	-8.603726	0.254403	-8.349324
0.087000	1.268862	-8.609874	0.260550	-8.349324
0.088000	1.268136	-8.616101	0.266777	-8.349324
0.089000	1.267401	-8.622409	0.273085	-8.349324
0.090000	1.266658	-8.628797	0.279474	-8.349324
0.091000	1.265906	-8.635267	0.285943	-8.349324
0.092000	1.265146	-8.641817	0.292493	-8.349324
0.093000	1.264376	-8.648449	0.299125	-8.349324
0.094000	1.263599	-8.655162	0.305839	-8.349324
0.095000	1.262812	-8.661958	0.312634	-8.349324
0.096000	1.262017	-8.668836	0.319512	-8.349324
0.097000	1.261213	-8.675796	0.326473	-8.349324
0.098000	1.260401	-8.682840	0.333516	-8.349324
0.099000	1.259580	-8.689967	0.340643	-8.349324
0.100000	1.258750	-8.697177	0.347853	-8.349324
0.101000	1.257912	-8.704471	0.355147	-8.349324
0.102000	1.257065	-8.711849	0.362525	-8.349324
0.103000	1.256209	-8.719311	0.369988	-8.349323
0.104000	1.255344	-8.726858	0.377535	-8.349323
0.105000	1.254471	-8.734491	0.385167	-8.349323
0.106000	1.253589	-8.742208	0.392885	-8.349323
0.107000	1.252698	-8.750011	0.400687	-8.349323
0.108000	1.251798	-8.757900	0.408576	-8.349323
0.109000	1.250890	-8.765875	0.416551	-8.349323
0.110000	1.249973	-8.773936	0.424612	-8.349323
0.111000	1.249047	-8.782084	0.432760	-8.349323
0.112000	1.248112	-8.790319	0.440995	-8.349323
0.113000	1.247169	-8.798641	0.449317	-8.349323
0.114000	1.246216	-8.807050	0.457727	-8.349323
0.115000	1.245255	-8.815547	0.466224	-8.349323
0.116000	1.244285	-8.824133	0.474809	-8.349323
0.117000	1.243306	-8.832806	0.483483	-8.349323
0.118000	1.242318	-8.841568	0.492245	-8.349323
0.119000	1.241322	-8.850419	0.501096	-8.349323
0.120000	1.240316	-8.859359	0.510036	-8.349323
0.121000	1.239302	-8.868388	0.519065	-8.349323
0.122000	1.238278	-8.877506	0.528183	-8.349323
0.123000	1.237246	-8.886714	0.537391	-8.349323
0.124000	1.236205	-8.896012	0.546689	-8.349323
0.125000	1.235155	-8.905400	0.556077	-8.349323
0.126000	1.234096	-8.914878	0.565555	-8.349323
0.127000	1.233028	-8.924447	0.575124	-8.349323
0.128000	1.231951	-8.934106	0.584783	-8.349323
0.129000	1.230865	-8.943856	0.594533	-8.349323
0.130000	1.229770	-8.953696	0.604373	-8.349323
0.131000	1.228666	-8.963628	0.614305	-8.349323
0.132000	1.227553	-8.973651	0.624328	-8.349323
0.133000	1.226431	-8.983765	0.634442	-8.349323
0.134000	1.225300	-8.993970	0.644647	-8.349323
0.135000	1.224160	-9.004267	0.654944	-8.349323
0.136000	1.223011	-9.014655	0.665332	-8.349323
0.137000	1.221853	-9.025134	0.675811	-8.349323
0.138000	1.220686	-9.035705	0.686382	-8.349323
0.139000	1.219510	-9.046368	0.697044	-8.349323
0.140000	1.218325	-9.057122	0.707798	-8.349323
0.141000	1.217130	-9.067967	0.718644	-8.349323
0.142000	1.215927	-9.078903	0.729580	-8.349323
0.143000	1.214714	-9.089931	0.740608	-8.349323
0.144000	1.213493	-9.101050	0.751727	-8.349323
0.145000	1.212262	-9.112260	0.762937	-8.349323
0.146000	1.211022	-9.123561	0.774237	-8.349323
0.147000	1.209773	-9.134952	0.785629	-8.349323
0.148000	1.208515	-9.146433	0.797110	-8.349323
0.149000	1.207248	-9.158005	0.808682	-8.349323
0.150000	1.205972	-9.169667	0.820343	-8.349323
0.151000	1.204686	-9.181418	0.832094	-8.349323
0.152000	1.203392	-9.193258	0.843934	-8.349323
0.153000	1.202088	-9.205186	0.855863	-8.349324
0.154000	1.200775	-9.217203	0.867880	-8.349324
0.155000	1.199453	-9.229308	0.879984	-8.349324
0.156000	1.198122	-9.241500	0.892176	-8.349324
0.157000	1.196781	-9.253778	0.904454	-8.349324
0.158000	1.195432	-9.266142	0.916819	-8.349324
0.159000	1.194073	-9.278592	0.929268	-8.349324
0.160000	1.192705	-9.291126	0.941802	-8.349324
0.161000	1.191328	-9.303744	0.954420	-8.349324
0.162000	1.189942	-9.316445	0.967121	-8.349324
0.163000	1.188547	-9.329228	0.979903	-8.349324
0.164000	1.187142	-9.342091	0.992767	-8.349324
0.165000	1.185729	-9.355035	1.005711	-8.349324
0.166000	1.184306	-9.368057	1.018733	-8.349324
0.167000	1.182874	-9.381158	1.031833	-8.349324
0.168000	1.181433	-9.394334	1.045010	-8.349325
0.169000	1.179982	-9.407586	1.058261	-8.349325
0.170000	1.178523	-9.420911	1.071586	-8.349325
0.171000	1.177054	-9.434308	1.084983	-8.349325
0.172000	1.175577	-9.447776	1.098451	-8.349325
0.173000	1.174090	-9.461313	1.111987	-8.349325
0.174000	1.172594	-9.474916	1.125591	-8.349325
0.175000	1.171089	-9.488585	1.139260	-8.349326
0.176000	1.169575	-9.502317	1.152991	-8.349326
0.177000	1.168052	-9.516110	1.166784	-8.349326
0.178000	1.166520	-9.529962	1.180636	-8.349326
0.179000	1.164979	-9.543870	1.194544	-8.349326
0.180000	1.163429	-9.557832	1.208506	-8.349326
0.181000	1.161870	-9.571846	1.222520	-8.349327
0.182000	1.160301	-9.585909	1.236582	-8.349327
0.183000	1.158724	-9.600017	1.250690	-8.349327
0.184000	1.157138	-9.614168	1.264841	-8.349327
0.185000	1.155543	-9.628359	1.279031	-8.349328
0.186000	1.153939	-9.642586	1.293258	-8.349328
0.187000	1.152327	-9.656846	1.307518	-8.349328
0.188000	1.150705	-9.671135	1.321807	-8.349328
0.189000	1.149075	-9.685450	1.336121	-8.349329
0.190000	1.147436	-9.699786	1.350457	-8.349329
0.191000	1.145788	-9.714139	1.364810	-8.349329
0.192000	1.144131	-9.728505	1.379176	-8.349330
0.193000	1.142466	-9.742880	1.393549	-8.349330
0.194000	1.140793	-9.757257	1.407927	-8.349331
0.195000	1.139110	-9.771633	1.422302	-8.349331
0.196000	1.137419	-9.786002	1.436671	-8.349331
0.197000	1.135720	-9.800359	1.451027	-8.349332
0.198000	1.134012	-9.814697	1.465365	-8.349332
0.199000	1.132296	-9.829011	1.479679	-8.349333
0.200000	1.130572	-9.843295	1.493962	-8.349333
0.201000	1.128839	-9.857542	1.508208	-8.349334
0.202000	1.127098	-9.871745	1.522410	-8.349334
0.203000	1.125349	-9.885897	1.536562	-8.349335
0.204000	1.123592	-9.899991	1.550655	-8.349336
0.205000	1.121827	-9.914018	1.564682	-8.349336
0.206000	1.120054	-9.927972	1.578635	-8.349337
0.207000	1.118273	-9.941843	1.592506	-8.349337
0.208000	1.116485	-9.955623	1.606285	-8.349338
0.209000	1.114689	-9.969302	1.619964	-8.349339
0.210000	1.112885	-9.982872	1.633533	-8.349340
0.211000	1.111074	-9.996323	1.646982	-8.349340
0.212000	1.109255	-10.009643	1.660302	-8.349341
0.213000	1.107429	-10.022823	1.673481	-8.349342
0.214000	1.105596	-10.035852	1.686509	-8.349343
0.215000	1.103756	-10.048718	1.699374	-8.349344
0.216000	1.101909	-10.061410	1.712065	-8.349345
0.217000	1.100055	-10.073914	1.724568	-8.349346
0.218000	1.098195	-10.086219	1.736872	-8.349347
0.219000	1.096327	-10.098310	1.748962	-8.349348
0.220000	1.094454	-10.110175	1.760826	-8.349349
0.221000	1.092574	-10.121799	1.772449	-8.349350
0.222000	1.090688	-10.133168	1.783816	-8.349351
0.223000	1.088797	-10.144266	1.794913	-8.349353
0.224000	1.086899	-10.155077	1.805723	-8.349354
0.225000	1.084996	-10.165586	1.816231	-8.349355
0.226000	1.083087	-10.175776	1.826419	-8.349357
0.227000	1.081173	-10.185629	1.836271	-8.349358
0.228000	1.079254	-10.195127	1.845768	-8.349359
0.229000	1.077331	-10.204253	1.854892	-8.349361
0.230000	1.075402	-10.212987	1.863624	-8.349362
0.231000	1.073469	-10.221310	1.871946	-8.349364
0.232000	1.071532	-10.229201	1.879836	-8.349366
0.233000	1.069591	-10.236642	1.887274	-8.349367
0.234000	1.067647	-10.243609	1.894240	-8.349369
0.235000	1.065699	-10.250082	1.900711	-8.349371
0.236000	1.063747	-10.256039	1.906666	-8.349373
0.237000	1.061793	-10.261456	1.912081	-8.349375
0.238000	1.059836	-10.266311	1.916934	-8.349376
0.239000	1.057877	-10.270580	1.921201	-8.349378
0.240000	1.055916	-10.274238	1.924858	-8.349380
0.241000	1.053953	-10.277262	1.927880	-8.349382
0.242000	1.051989	-10.279627	1.930242	-8.349385
0.243000	1.050023	-10.281306	1.931919	-8.349387
0.244000	1.048057	-10.282274	1.932885	-8.349389
0.245000	1.046091	-10.282505	1.933114	-8.349391
0.246000	1.044125	-10.281973	1.932579	-8.349393
0.247000	1.042159	-10.280650	1.931255	-8.349395
0.248000	1.040194	-10.278511	1.929114	-8.349398
0.249000	1.038231	-10.275529	1.926129	-8.349400
0.250000	1.036269	-10.271676	1.922273	-8.349402
0.251000	1.034309	-10.266925	1.917521	-8.349405
0.252000	1.032352	-10.261251	1.911844	-8.349407
0.253000	1.030398	-10.254626	1.905217	-8.349409
0.254000	1.028448	-10.247024	1.897613	-8.349412
0.255000	1.026502	-10.238420	1.889006	-8.349414
0.256000	1.024561	-10.228788	1.879371	-8.349416
0.257000	1.022624	-10.218103	1.868684	-8.349418
0.258000	1.020694	-10.206341	1.856920	-8.349421
0.259000	1.018770	-10.193480	1.844057	-8.349423
0.260000	1.016853	-10.179498	1.830073	-8.349425
0.261000	1.014944	-10.164374	1.814947	-8.349427
0.262000	1.013043	-10.148088	1.798659	-8.349429
0.263000	1.011151	-10.130623	1.781192	-8.349431
0.264000	1.009268	-10.111963	1.762530	-8.349433
0.265000	1.007396	-10.092094	1.742660	-8.349434
0.266000	1.005534	-10.071003	1.721568	-8.349436
0.267000	1.003684	-10.048682	1.699245	-8.349437
0.268000	1.001847	-10.025123	1.675685	-8.349438
0.269000	1.000023	-10.000322	1.650883	-8.349439
0.270000	0.998213	-9.974278	1.624838	-8.349440
0.271000	0.996418	-9.946992	1.597552	-8.349441
0.272000	0.994638	-9.918471	1.569030	-8.349441
0.273000	0.992875	-9.888723	1.539282	-8.349441
0.274000	0.991129	-9.857762	1.508321	-8.349441
0.275000	0.989401	-9.825605	1.476165	-8.349440
0.276000	0.987692	-9.792274	1.442834	-8.349440
0.277000	0.986004	-9.757794	1.408356	-8.349439
0.278000	0.984336	-9.722199	1.372761	-8.349437
0.279000	0.982690	-9.685523	1.336087	-8.349436
0.280000	0.981066	-9.647808	1.298374	-8.349433
0.281000	0.979467	-9.609101	1.259670	-8.349431
0.282000	0.977892	-9.569456	1.220027	-8.349428
0.283000	0.976343	-9.528929	1.179504	-8.349425
0.284000	0.974820	-9.487586	1.138164	-8.349422
0.285000	0.973325	-9.445496	1.096078	-8.349418
0.286000	0.971859	-9.402734	1.053321	-8.349413
0.287000	0.970422	-9.359384	1.009975	-8.349408
0.288000	0.969016	-9.315532	0.966129	-8.349403
0.289000	0.967642	-9.271272	0.921874	-8.349398
0.290000	0.966301	-9.226702	0.877311	-8.349392
0.291000	0.964993	-9.181929	0.832543	-8.349386
0.292000	0.963720	-9.137060	0.787681	-8.349379
0.293000	0.962483	-9.092211	0.742839	-8.349372
0.294000	0.961282	-9.047502	0.698137	-8.349365
0.295000	0.960119	-9.003055	0.653698	-8.349357
0.296000	0.958995	-8.958999	0.609650	-8.349350
0.297000	0.957911	-8.915464	0.566122	-8.349342
0.298000	0.956867	-8.872583	0.523250	-8.349334
0.299000	0.955865	-8.830492	0.481166	-8.349325
0.300000	0.954905	-8.789327	0.440010	-8.349317
0.301000	0.953989	-8.749225	0.399917	-8.349309
0.302000	0.953117	-8.710326	0.361025	-8.349300
0.303000	0.952289	-8.672764	0.323472	-8.349292
0.304000	0.951508	-8.636675	0.287391	-8.349284
0.305000	0.950773	-8.602192	0.252916	-8.349276
0.306000	0.950085	-8.569444	0.220176	-8.349268
0.307000	0.949446	-8.538556	0.189295	-8.349261
0.308000	0.948855	-8.509647	0.160393	-8.349254
0.309000	0.948313	-8.482832	0.133585	-8.349247
0.310000	0.947821	-8.458219	0.108978	-8.349241
0.311000	0.947379	-8.435906	0.086671	-8.349235
0.312000	0.946988	-8.415987	0.066757	-8.349230
0.313000	0.946649	-8.398543	0.049317	-8.349226
0.314000	0.946360	-8.383647	0.034425	-8.349222
0.315000	0.946124	-8.371362	0.022144	-8.349218
0.316000	0.945939	-8.361741	0.012526	-8.349216
0.317000	0.945807	-8.354825	0.005611	-8.349214
0.318000	0.945728	-8.350643	0.001430	-8.349213
0.319000	0.945700	-8.349213	0.000000	-8.349212
0.320000	0.945726	-8.350541	0.001329	-8.349213
0.321000	0.945803	-8.354622	0.005409	-8.349214
0.322000	0.945934	-8.361439	0.012223	-8.349216
0.323000	0.946116	-8.370961	0.021743	-8.349218
0.324000	0.946351	-8.383148	0.033927	-8.349221
0.325000	0.946637	-8.397949	0.048724	-8.349225
0.326000	0.946975	-8.415301	0.066071	-8.349230
0.327000	0.947364	-8.435131	0.085896	-8.349235
0.328000	0.947804	-8.457356	0.108116	-8.349241
0.329000	0.948294	-8.481887	0.132640	-8.349247
0.330000	0.948834	-8.508623	0.159369	-8.349254
0.331000	0.949423	-8.537456	0.188196	-8.349261
0.332000	0.950061	-8.568274	0.219006	-8.349268
0.333000	0.950747	-8.600956	0.251680	-8.349276
0.334000	0.951480	-8.635377	0.286094	-8.349284
0.335000	0.952260	-8.671409	0.322117	-8.349292
0.336000	0.953085	-8.708919	0.359619	-8.349300
0.337000	0.953956	-8.747772	0.398464	-8.349308
0.338000	0.954871	-8.787831	0.438515	-8.349317
0.339000	0.955829	-8.828960	0.479635	-8.349325
0.340000	0.956830	-8.871020	0.521686	-8.349333
0.341000	0.957872	-8.913874	0.564533	-8.349341
0.342000	0.958955	-8.957388	0.608038	-8.349349
0.343000	0.960077	-9.001427	0.652070	-8.349357
0.344000	0.961239	-9.045861	0.696497	-8.349365
0.345000	0.962438	-9.090563	0.741191	-8.349372
0.346000	0.963674	-9.135409	0.786030	-8.349379
0.347000	0.964945	-9.180279	0.830893	-8.349385
0.348000	0.966252	-9.225058	0.875666	-8.349392
0.349000	0.967592	-9.269637	0.920239	-8.349398
0.350000	0.968965	-9.313910	0.964507	-8.349403
0.351000	0.970370	-9.357779	1.008371	-8.349408
0.352000	0.971805	-9.401149	1.051736	-8.349413
0.353000	0.973271	-9.443934	1.094516	-8.349417
0.354000	0.974765	-9.486050	1.136629	-8.349421
0.355000	0.976286	-9.527422	1.177997	-8.349425
0.356000	0.977834	-9.567980	1.218552	-8.349428
0.357000	0.979408	-9.607659	1.258228	-8.349431
0.358000	0.981007	-9.646401	1.296968	-8.349433
0.359000	0.982630	-9.684153	1.334718	-8.349435
0.360000	0.984275	-9.720868	1.371431	-8.349437
0.361000	0.985942	-9.756504	1.407066	-8.349439
0.362000	0.987630	-9.791025	1.441586	-8.349440
0.363000	0.989338	-9.824400	1.474959	-8.349440
0.364000	0.991065	-9.856600	1.507159	-8.349441
0.365000	0.992810	-9.887606	1.538165	-8.349441
0.366000	0.994573	-9.917398	1.567958	-8.349441
0.367000	0.996352	-9.945965	1.596524	-8.349441
0.368000	0.998147	-9.973296	1.623856	-8.349440
0.369000	0.999956	-9.999386	1.649947	-8.349439
0.370000	1.001780	-10.024233	1.674795	-8.349438
0.371000	1.003617	-10.047837	1.698400	-8.349437
0.372000	1.005466	-10.070204	1.720768	-8.349436
0.373000	1.007327	-10.091340	1.741905	-8.349434
0.374000	1.009199	-10.111254	1.761821	-8.349433
0.375000	1.011081	-10.129958	1.780527	-8.349431
0.376000	1.012973	-10.147466	1.798037	-8.349429
0.377000	1.014874	-10.163795	1.814368	-8.349427
0.378000	1.016783	-10.178962	1.829537	-8.349425
0.379000	1.018700	-10.192986	1.843563	-8.349423
0.380000	1.020623	-10.205888	1.856467	-8.349421
0.381000	1.022553	-10.217689	1.868271	-8.349419
0.382000	1.024489	-10.228413	1.878997	-8.349416
0.383000	1.026430	-10.238084	1.888670	-8.349414
0.384000	1.028376	-10.246726	1.897314	-8.349412
0.385000	1.030326	-10.254364	1.904954	-8.349409
0.386000	1.032280	-10.261024	1.911617	-8.349407
0.387000	1.034237	-10.266733	1.917328	-8.349405
0.388000	1.036197	-10.271517	1.922115	-8.349402
0.389000	1.038158	-10.275403	1.926002	-8.349400
0.390000	1.040122	-10.278417	1.929019	-8.349398
0.391000	1.042087	-10.280586	1.931191	-8.349396
0.392000	1.044052	-10.281938	1.932545	-8.349393
0.393000	1.046019	-10.282499	1.933108	-8.349391
0.394000	1.047985	-10.282296	1.932907	-8.349389
0.395000	1.049951	-10.281354	1.931967	-8.349387
0.396000	1.051916	-10.279701	1.930316	-8.349385
0.397000	1.053881	-10.277361	1.927979	-8.349383
0.398000	1.055844	-10.274361	1.924981	-8.349380
0.399000	1.057805	-10.270725	1.921347	-8.349378
0.400000	1.059764	-10.266478	1.917102	-8.349377
0.401000	1.061721	-10.261645	1.912270	-8.349375
0.402000	1.063676	-10.256248	1.906875	-8.349373
0.403000	1.065627	-10.250310	1.900940	-8.349371
0.404000	1.067575	-10.243856	1.894487	-8.349369
0.405000	1.069520	-10.236906	1.887539	-8.349367
0.406000	1.071461	-10.229483	1.880118	-8.349366
0.407000	1.073398	-10.221608	1.872244	-8.349364
0.408000	1.075331	-10.213300	1.863938	-8.349363
0.409000	1.077260	-10.204581	1.855220	-8.349361
0.410000	1.079184	-10.195469	1.846110	-8.349359
0.411000	1.081103	-10.185984	1.836626	-8.349358
0.412000	1.083017	-10.176144	1.826788	-8.349357
0.413000	1.084926	-10.165967	1.816611	-8.349355
0.414000	1.086829	-10.155469	1.806115	-8.349354
0.415000	1.088727	-10.144669	1.795316	-8.349353
0.416000	1.090619	-10.133581	1.784230	-8.349351
0.417000	1.092505	-10.122222	1.772872	-8.349350
0.418000	1.094385	-10.110607	1.761258	-8.349349
0.419000	1.096259	-10.098751	1.749403	-8.349348
0.420000	1.098126	-10.086667	1.737320	-8.349347
0.421000	1.099987	-10.074370	1.725024	-8.349346
0.422000	1.101841	-10.061873	1.712528	-8.349345
0.423000	1.103688	-10.049188	1.699844	-8.349344
0.424000	1.105528	-10.036329	1.686985	-8.349343
0.425000	1.107362	-10.023306	1.673963	-8.349342
0.426000	1.109188	-10.010131	1.660789	-8.349341
0.427000	1.111007	-9.996815	1.647475	-8.349340
0.428000	1.112818	-9.983369	1.634030	-8.349340
0.429000	1.114622	-9.969804	1.620465	-8.349339
0.430000	1.116419	-9.956128	1.606790	-8.349338
0.431000	1.118208	-9.942352	1.593014	-8.349338
0.432000	1.119989	-9.928484	1.579147	-8.349337
0.433000	1.121762	-9.914533	1.565197	-8.349336
0.434000	1.123527	-9.900508	1.551172	-8.349336
0.435000	1.125285	-9.886417	1.537082	-8.349335
0.436000	1.127034	-9.872266	1.522932	-8.349334
0.437000	1.128775	-9.858065	1.508731	-8.349334
0.438000	1.130508	-9.843820	1.494487	-8.349333
0.439000	1.132233	-9.829537	1.480205	-8.349333
0.440000	1.133949	-9.815224	1.465892	-8.349332
0.441000	1.135657	-9.800887	1.451555	-8.349332
0.442000	1.137357	-9.786531	1.437199	-8.349331
0.443000	1.139048	-9.772162	1.422831	-8.349331
0.444000	1.140731	-9.757786	1.408456	-8.349331
0.445000	1.142405	-9.743409	1.394078	-8.349330
0.446000	1.144070	-9.729034	1.379704	-8.349330
0.447000	1.145727	-9.714668	1.365338	-8.349329
0.448000	1.147375	-9.700314	1.350985	-8.349329
0.449000	1.149015	-9.685977	1.336648	-8.349329
0.450000	1.150645	-9.671662	1.322333	-8.349328
0.451000	1.152267	-9.657371	1.308043	-8.349328
0.452000	1.153880	-9.643110	1.293782	-8.349328
0.453000	1.155484	-9.628882	1.279554	-8.349328
0.454000	1.157080	-9.614690	1.265362	-8.349327
0.455000	1.158666	-9.600537	1.251210	-8.349327
0.456000	1.160243	-9.586427	1.237100	-8.349327
0.457000	1.161812	-9.572363	1.223036	-8.349327
0.458000	1.163371	-9.558347	1.209021	-8.349326
0.459000	1.164922	-9.544383	1.195057	-8.349326
0.460000	1.166463	-9.530473	1.181146	-8.349326
0.461000	1.167996	-9.516619	1.167293	-8.349326
0.462000	1.169519	-9.502823	1.153498	-8.349326
0.463000	1.171034	-9.489089	1.139764	-8.349326
0.464000	1.172539	-9.475418	1.126093	-8.349325
0.465000	1.174035	-9.461812	1.112487	-8.349325
0.466000	1.175522	-9.448273	1.098948	-8.349325
0.467000	1.177000	-9.434802	1.085477	-8.349325
0.468000	1.178469	-9.421403	1.072078	-8.349325
0.469000	1.179929	-9.408075	1.058750	-8.349325
0.470000	1.181379	-9.394820	1.045496	-8.349325
0.471000	1.182821	-9.381641	1.032317	-8.349325
0.472000	1.184253	-9.368538	1.019214	-8.349324
0.473000	1.185676	-9.355513	1.006188	-8.349324
0.474000	1.187090	-9.342566	0.993242	-8.349324
0.475000	1.188495	-9.329699	0.980375	-8.349324
0.476000	1.189891	-9.316914	0.967590	-8.349324
0.477000	1.191277	-9.304210	0.954886	-8.349324
0.478000	1.192655	-9.291589	0.942265	-8.349324
0.479000	1.194023	-9.279052	0.929728	-8.349324
0.480000	1.195382	-9.266599	0.917275	-8.349324
0.481000	1.196732	-9.254231	0.904908	-8.349324
0.482000	1.198073	-9.241950	0.892626	-8.349324
0.483000	1.199404	-9.229755	0.880431	-8.349324
0.484000	1.200727	-9.217647	0.868323	-8.349324
0.485000	1.202040	-9.205627	0.856303	-8.349324
0.486000	1.203344	-9.193695	0.844371	-8.349323
0.487000	1.204639	-9.181852	0.832528	-8.349323
0.488000	1.205925	-9.170097	0.820774	-8.349323
0.489000	1.207201	-9.158433	0.809109	-8.349323
0.490000	1.208469	-9.146858	0.797534	-8.349323
0.491000	1.209727	-9.135373	0.786049	-8.349323
0.492000	1.210976	-9.123978	0.774655	-8.349323
0.493000	1.212217	-9.112674	0.763351	-8.349323
0.494000	1.213448	-9.101461	0.752138	-8.349323
0.495000	1.214670	-9.090339	0.741015	-8.349323
0.496000	1.215882	-9.079307	0.729984	-8.349323
0.497000	1.217086	-9.068368	0.719044	-8.349323
0.498000	1.218281	-9.057519	0.708196	-8.349323
0.499000	1.219466	-9.046762	0.697438	-8.349323
0.500000	1.220643	-9.036096	0.686773	-8.349323
0.501000	1.221810	-9.025522	0.676198	-8.349323
0.502000	1.222969	-9.015039	0.665716	-8.349323
0.503000	1.224118	-9.004647	0.655324	-8.349323
0.504000	1.225258	-8.994347	0.645024	-8.349323
0.505000	1.226390	-8.984139	0.634816	-8.349323
0.506000	1.227512	-8.974021	0.624698	-8.349323
0.507000	1.228625	-8.963995	0.614672	-8.349323
0.508000	1.229730	-8.954060	0.604737	-8.349323
0.509000	1.230825	-8.944216	0.594893	-8.349323
0.510000	1.231911	-8.934463	0.585140	-8.349323
0.511000	1.232988	-8.924801	0.575477	-8.349323
0.512000	1.234057	-8.915229	0.565905	-8.349323
0.513000	1.235116	-8.905747	0.556424	-8.349323
0.514000	1.236167	-8.896356	0.547033	-8.349323
0.515000	1.237208	-8.887055	0.537732	-8.349323
0.516000	1.238241	-8.877843	0.528520	-8.349323
0.517000	1.239264	-8.868722	0.519399	-8.349323
0.518000	1.240279	-8.859690	0.510366	-8.349323
0.519000	1.241285	-8.850746	0.501423	-8.349323
0.520000	1.242282	-8.841892	0.492569	-8.349323
0.521000	1.243270	-8.833127	0.483804	-8.349323
0.522000	1.244249	-8.824450	0.475127	-8.349323
0.523000	1.245220	-8.815862	0.466538	-8.349323
0.524000	1.246181	-8.807361	0.458038	-8.349323
0.525000	1.247134	-8.798948	0.449625	-8.349323
0.526000	1.248078	-8.790623	0.441300	-8.349323
0.527000	1.249013	-8.782385	0.433062	-8.349323
0.528000	1.249939	-8.774234	0.424911	-8.349323
0.529000	1.250857	-8.766170	0.416846	-8.349323
0.530000	1.251765	-8.758192	0.408868	-8.349323
0.531000	1.252665	-8.750300	0.400976	-8.349323
0.532000	1.253556	-8.742494	0.393170	-8.349323
0.533000	1.254439	-8.734773	0.385450	-8.349323
0.534000	1.255312	-8.727138	0.377814	-8.349323
0.535000	1.256177	-8.719588	0.370264	-8.349323
0.536000	1.257033	-8.712122	0.362798	-8.349324
0.537000	1.257881	-8.704741	0.355417	-8.349324
0.538000	1.258720	-8.697444	0.348120	-8.349324
0.539000	1.259550	-8.690230	0.340907	-8.349324
0.540000	1.260371	-8.683101	0.333777	-8.349324
0.541000	1.261184	-8.676054	0.326731	-8.349324
0.542000	1.261988	-8.669091	0.319767	-8.349324
0.543000	1.262783	-8.662210	0.312886	-8.349324
0.544000	1.263570	-8.655411	0.306087	-8.349324
0.545000	1.264348	-8.648694	0.299371	-8.349324
0.546000	1.265117	-8.642060	0.292736	-8.349324
0.547000	1.265878	-8.635506	0.286182	-8.349324
0.548000	1.266631	-8.629034	0.279710	-8.349324
0.549000	1.267374	-8.622643	0.273319	-8.349324
0.550000	1.268109	-8.616332	0.267008	-8.349324
0.551000	1.268836	-8.610101	0.260778	-8.349324
0.552000	1.269554	-8.603951	0.254627	-8.349324
0.553000	1.270263	-8.597880	0.248557	-8.349324
0.554000	1.270964	-8.591889	0.242565	-8.349324
0.555000	1.271656	-8.585977	0.236653	-8.349324
0.556000	1.272340	-8.580144	0.230820	-8.349324
0.557000	1.273015	-8.574389	0.225065	-8.349324
0.558000	1.273681	-8.568713	0.219389	-8.349324
0.559000	1.274340	-8.563115	0.213791	-8.349324
0.560000	1.274989	-8.557594	0.208270	-8.349324
0.561000	1.275630	-8.552151	0.202828	-8.349324
0.562000	1.276263	-8.546786	0.197462	-8.349324
0.563000	1.276887	-8.541497	0.192173	-8.349324
0.564000	1.277503	-8.536285	0.186961	-8.349324
0.565000	1.278110	-8.531150	0.181826	-8.349324
0.566000	1.278709	-8.526090	0.176766	-8.349324
0.567000	1.279299	-8.521107	0.171783	-8.349324
0.568000	1.279881	-8.516199	0.166875	-8.349324
0.569000	1.280455	-8.511367	0.162043	-8.349324
0.570000	1.281020	-8.506610	0.157286	-8.349324
0.571000	1.281577	-8.501928	0.152604	-8.349324
0.572000	1.282125	-8.497321	0.147997	-8.349324
0.573000	1.282665	-8.492788	0.143464	-8.349324
0.574000	1.283196	-8.488329	0.139005	-8.349324
0.575000	1.283719	-8.483945	0.134621	-8.349324
0.576000	1.284234	-8.479634	0.130310	-8.349324
0.577000	1.284740	-8.475397	0.126073	-8.349324
0.578000	1.285238	-8.471233	0.121909	-8.349324
0.579000	1.285728	-8.467142	0.117818	-8.349324
0.580000	1.286209	-8.463125	0.113800	-8.349324
0.581000	1.286682	-8.459179	0.109855	-8.349324
0.582000	1.287147	-8.455307	0.105983	-8.349324
0.583000	1.287603	-8.451507	0.102182	-8.349324
0.584000	1.288051	-8.447778	0.098454	-8.349324
0.585000	1.288490	-8.444122	0.094798	-8.349324
0.586000	1.288922	-8.440537	0.091213	-8.349324
0.587000	1.289344	-8.437024	0.087700	-8.349324
0.588000	1.289759	-8.433582	0.084258	-8.349324
0.589000	1.290166	-8.430212	0.080887	-8.349324
0.590000	1.290564	-8.426912	0.077588	-8.349324
0.591000	1.290953	-8.423683	0.074359	-8.349324
0.592000	1.291335	-8.420525	0.071200	-8.349324
0.593000	1.291708	-8.417437	0.068112	-8.349324
0.594000	1.292073	-8.414419	0.065095	-8.349324
0.595000	1.292430	-8.411472	0.062147	-8.349324
0.596000	1.292778	-8.408594	0.059270	-8.349324
0.597000	1.293118	-8.405786	0.056462	-8.349324
0.598000	1.293450	-8.403048	0.053724	-8.349324
0.599000	1.293774	-8.400379	0.051055	-8.349324
0.600000	1.294089	-8.397780	0.048456	-8.349324
0.601000	1.294396	-8.395250	0.045926	-8.349324
0.602000	1.294695	-8.392789	0.043464	-8.349324
0.603000	1.294986	-8.390397	0.041072	-8.349324
0.604000	1.295269	-8.388073	0.038749	-8.349324
0.605000	1.295543	-8.385819	0.036494	-8.349324
0.606000	1.295809	-8.383633	0.034308	-8.349324
0.607000	1.296067	-8.381515	0.032190	-8.349324
0.608000	1.296316	-8.379466	0.030141	-8.349325
0.609000	1.296558	-8.377484	0.028160	-8.349325
0.610000	1.296791	-8.375571	0.026247	-8.349325
0.611000	1.297016	-8.373726	0.024402	-8.349325
0.612000	1.297233	-8.371949	0.022624	-8.349325
0.613000	1.297442	-8.370240	0.020915	-8.349325
0.614000	1.297642	-8.368598	0.019273	-8.349325
0.615000	1.297834	-8.367024	0.017699	-8.349325
0.616000	1.298018	-8.365517	0.016193	-8.349325
0.617000	1.298194	-8.364078	0.014753	-8.349325
0.618000	1.298362	-8.362706	0.013382	-8.349325
0.619000	1.298521	-8.361402	0.012077	-8.349325
0.620000	1.298673	-8.360164	0.010840	-8.349325
0.621000	1.298816	-8.358994	0.009669	-8.349325
0.622000	1.298951	-8.357891	0.008566	-8.349325
0.623000	1.299078	-8.356855	0.007530	-8.349325
0.624000	1.299196	-8.355886	0.006561	-8.349325
0.625000	1.299307	-8.354983	0.005659	-8.349325
0.626000	1.299409	-8.354148	0.004823	-8.349325
0.627000	1.299503	-8.353379	0.004055	-8.349325
0.628000	1.299589	-8.352678	0.003353	-8.349325
0.629000	1.299667	-8.352043	0.002718	-8.349325
0.630000	1.299737	-8.351474	0.002150	-8.349325
0.631000	1.299798	-8.350972	0.001648	-8.349325
0.632000	1.299851	-8.350537	0.001213	-8.349325
0.633000	1.299897	-8.350169	0.000844	-8.349325
0.634000	1.299934	-8.349867	0.000542	-8.349325
0.635000	1.299962	-8.349631	0.000307	-8.349325
0.636000	1.299983	-8.349463	0.000138	-8.349325
0.637000	1.299996	-8.349360	0.000036	-8.349325
0.638000	1.300000	-8.349325	0.000000	-8.349325
0.639000	1.299996	-8.349355	0.000031	-8.349325
0.640000	1.299984	-8.349453	0.000128	-8.349325
0.641000	1.299964	-8.349617	0.000292	-8.349325
0.642000	1.299936	-8.349847	0.000523	-8.349325
0.643000	1.299900	-8.350144	0.000820	-8.349325
0.644000	1.299855	-8.350508	0.001183	-8.349325
0.645000	1.299802	-8.350938	0.001613	-8.349325
0.646000	1.299741	-8.351435	0.002110	-8.349325
0.647000	1.299672	-8.351998	0.002674	-8.349325
0.648000	1.299595	-8.352629	0.003304	-8.349325
0.649000	1.299510	-8.353326	0.004001	-8.349325
0.650000	1.299416	-8.354089	0.004765	-8.349325
0.651000	1.299314	-8.354920	0.005595	-8.349325
0.652000	1.299205	-8.355817	0.006492	-8.349325
0.653000	1.299087	-8.356781	0.007457	-8.349325
0.654000	1.298960	-8.357812	0.008488	-8.349325
0.655000	1.298826	-8.358911	0.009586	-8.349325
0.656000	1.298683	-8.360076	0.010751	-8.349325
0.657000	1.298533	-8.361308	0.011984	-8.349325
0.658000	1.298374	-8.362608	0.013283	-8.349325
0.659000	1.298207	-8.363975	0.014650	-8.349325
0.660000	1.298031	-8.365409	0.016084	-8.349325
0.661000	1.297848	-8.366911	0.017586	-8.349325
0.662000	1.297656	-8.368480	0.019155	-8.349325
0.663000	1.297457	-8.370116	0.020792	-8.349325
0.664000	1.297249	-8.371821	0.022496	-8.349325
0.665000	1.297032	-8.373593	0.024269	-8.349325
0.666000	1.296808	-8.375433	0.026109	-8.349325
0.667000	1.296575	-8.377341	0.028017	-8.349325
0.668000	1.296334	-8.379317	0.029993	-8.349325
0.669000	1.296085	-8.381362	0.032037	-8.349324
0.670000	1.295828	-8.383474	0.034150	-8.349324
0.671000	1.295563	-8.385656	0.036331	-8.349324
0.672000	1.295289	-8.387905	0.038581	-8.349324
0.673000	1.295007	-8.390223	0.040899	-8.349324
0.674000	1.294717	-8.392611	0.043286	-8.349324
0.675000	1.294419	-8.395067	0.045742	-8.349324
0.676000	1.294112	-8.397592	0.048267	-8.349324
0.677000	1.293797	-8.400186	0.050861	-8.349324
0.678000	1.293474	-8.402849	0.053525	-8.349324
0.679000	1.293143	-8.405582	0.056258	-8.349324
0.680000	1.292803	-8.408385	0.059061	-8.349324
0.681000	1.292456	-8.411258	0.061933	-8.349324
0.682000	1.292100	-8.414200	0.064876	-8.349324
0.683000	1.291735	-8.417212	0.067888	-8.349324
0.684000	1.291363	-8.420295	0.070971	-8.349324
0.685000	1.290982	-8.423448	0.074124	-8.349324
0.686000	1.290593	-8.426672	0.077348	-8.349324
0.687000	1.290195	-8.429967	0.080642	-8.349324
0.688000	1.289789	-8.433332	0.084008	-8.349324
0.689000	1.289375	-8.436769	0.087444	-8.349324
0.690000	1.288953	-8.440276	0.090952	-8.349324
0.691000	1.288522	-8.443856	0.094531	-8.349324
0.692000	1.288083	-8.447507	0.098183	-8.349324
0.693000	1.287636	-8.451230	0.101905	-8.349324
0.694000	1.287180	-8.455025	0.105700	-8.349324
0.695000	1.286716	-8.458892	0.109568	-8.349324
0.696000	1.286244	-8.462832	0.113508	-8.349324
0.697000	1.285764	-8.466844	0.117520	-8.349324
0.698000	1.285275	-8.470930	0.121605	-8.349324
0.699000	1.284777	-8.475088	0.125764	-8.349324
0.700000	1.284271	-8.479320	0.129996	-8.349324
0.701000	1.283757	-8.483625	0.134301	-8.349324
0.702000	1.283235	-8.488004	0.138680	-8.349324
0.703000	1.282704	-8.492457	0.143133	-8.349324
0.704000	1.282165	-8.496985	0.147661	-8.349324
0.705000	1.281617	-8.501587	0.152262	-8.349324
0.706000	1.281061	-8.506263	0.156939	-8.349324
0.707000	1.280497	-8.511015	0.161691	-8.349324
0.708000	1.279924	-8.515841	0.166517	-8.349324
0.709000	1.279343	-8.520743	0.171419	-8.349324
0.710000	1.278753	-8.525721	0.176397	-8.349324
0.711000	1.278155	-8.530775	0.181451	-8.349324
0.712000	1.277548	-8.535905	0.186581	-8.349324
0.713000	1.276933	-8.541111	0.191787	-8.349324
0.714000	1.276309	-8.546394	0.197070	-8.349324
0.715000	1.275677	-8.551754	0.202430	-8.349324
0.716000	1.275037	-8.557191	0.207867	-8.349324
0.717000	1.274388	-8.562706	0.213382	-8.349324
0.718000	1.273730	-8.568298	0.218975	-8.349324
0.719000	1.273064	-8.573969	0.224645	-8.349324
0.720000	1.272390	-8.579718	0.230394	-8.349324
0.721000	1.271707	-8.585545	0.236221	-8.349324
0.722000	1.271015	-8.591451	0.242128	-8.349324
0.723000	1.270315	-8.597437	0.248113	-8.349324
0.724000	1.269606	-8.603502	0.254178	-8.349324
0.725000	1.268889	-8.609646	0.260322	-8.349324
0.726000	1.268163	-8.615871	0.266547	-8.349324
0.727000	1.267429	-8.622176	0.272852	-8.349324
0.728000	1.266686	-8.628561	0.279237	-8.349324
0.729000	1.265934	-8.635027	0.285703	-8.349324
0.730000	1.265174	-8.641575	0.292251	-8.349324
0.731000	1.264405	-8.648203	0.298880	-8.349324
0.732000	1.263627	-8.654914	0.305590	-8.349324
0.733000	1.262841	-8.661706	0.312383	-8.349324
0.734000	1.262047	-8.668581	0.319258	-8.349324
0.735000	1.261243	-8.675539	0.326215	-8.349324
0.736000	1.260431	-8.682579	0.333256	-8.349324
0.737000	1.259610	-8.689703	0.340379	-8.349324
0.738000	1.258781	-8.696910	0.347586	-8.349324
0.739000	1.257943	-8.704201	0.354877	-8.349324
0.740000	1.257096	-8.711576	0.362252	-8.349324
0.741000	1.256240	-8.719035	0.369712	-8.349323
0.742000	1.255376	-8.726579	0.377256	-8.349323
0.743000	1.254503	-8.734208	0.384885	-8.349323
0.744000	1.253621	-8.741923	0.392599	-8.349323
0.745000	1.252731	-8.749722	0.400399	-8.349323
0.746000	1.251832	-8.757608	0.408284	-8.349323
0.747000	1.250924	-8.765580	0.416256	-8.349323
0.748000	1.250007	-8.773638	0.424314	-8.349323
0.749000	1.249081	-8.781782	0.432459	-8.349323
0.750000	1.248147	-8.790014	0.440691	-8.349323
0.751000	1.247204	-8.798333	0.449010	-8.349323
0.752000	1.246252	-8.806739	0.457416	-8.349323
0.753000	1.245291	-8.815233	0.465910	-8.349323
0.754000	1.244321	-8.823815	0.474492	-8.349323
0.755000	1.243342	-8.832486	0.483162	-8.349323
0.756000	1.242355	-8.841244	0.491921	-8.349323
0.757000	1.241359	-8.850092	0.500769	-8.349323
0.758000	1.240353	-8.859028	0.509705	-8.349323
0.759000	1.239339	-8.868054	0.518731	-8.349323
0.760000	1.238316	-8.877169	0.527846	-8.349323
0.761000	1.237284	-8.886374	0.537051	-8.349323
0.762000	1.236243	-8.895669	0.546345	-8.349323
0.763000	1.235194	-8.905053	0.555730	-8.349323
0.764000	1.234135	-8.914528	0.565205	-8.349323
0.765000	1.233067	-8.924093	0.574770	-8.349323
0.766000	1.231991	-8.933749	0.584426	-8.349323
0.767000	1.230905	-8.943495	0.594172	-8.349323
0.768000	1.229810	-8.953333	0.604010	-8.349323
0.769000	1.228707	-8.963261	0.613938	-8.349323
0.770000	1.227594	-8.973280	0.623957	-8.349323
0.771000	1.226473	-8.983391	0.634068	-8.349323
0.772000	1.225342	-8.993593	0.644270	-8.349323
0.773000	1.224202	-9.003886	0.654563	-8.349323
0.774000	1.223054	-9.014271	0.664948	-8.349323
0.775000	1.221896	-9.024747	0.675424	-8.349323
0.776000	1.220729	-9.035315	0.685992	-8.349323
0.777000	1.219553	-9.045974	0.696651	-8.349323
0.778000	1.218368	-9.056724	0.707401	-8.349323
0.779000	1.217174	-9.067566	0.718243	-8.349323
0.780000	1.215971	-9.078499	0.729176	-8.349323
0.781000	1.214759	-9.089524	0.740201	-8.349323
0.782000	1.213538	-9.100639	0.751316	-8.349323
0.783000	1.212307	-9.111846	0.762523	-8.349323
0.784000	1.211068	-9.123143	0.773820	-8.349323
0.785000	1.209819	-9.134531	0.785208	-8.349323
0.786000	1.208562	-9.146009	0.796686	-8.349323
0.787000	1.207295	-9.157578	0.808254	-8.349323
0.788000	1.206019	-9.169236	0.819913	-8.349323
0.789000	1.204734	-9.180984	0.831660	-8.349323
0.790000	1.203439	-9.192820	0.843497	-8.349323
0.791000	1.202136	-9.204746	0.855422	-8.349324
0.792000	1.200823	-9.216760	0.867436	-8.349324
0.793000	1.199502	-9.228861	0.879537	-8.349324
0.794000	1.198171	-9.241050	0.891726	-8.349324
0.795000	1.196831	-9.253325	0.904001	-8.349324
0.796000	1.195482	-9.265686	0.916362	-8.349324
0.797000	1.194123	-9.278132	0.928809	-8.349324
0.798000	1.192756	-9.290664	0.941340	-8.349324
0.799000	1.191379	-9.303278	0.953954	-8.349324
0.800000	1.189993	-9.315976	0.966652	-8.349324
0.801000	1.188598	-9.328756	0.979432	-8.349324
0.802000	1.187194	-9.341617	0.992292	-8.349324
0.803000	1.185781	-9.354557	1.005233	-8.349324
0.804000	1.184358	-9.367577	1.018253	-8.349324
0.805000	1.182927	-9.380674	1.031350	-8.349324
0.806000	1.181486	-9.393848	1.044523	-8.349325
0.807000	1.180036	-9.407097	1.057772	-8.349325
0.808000	1.178577	-9.420419	1.071095	-8.349325
0.809000	1.177109	-9.433814	1.084489	-8.349325
0.810000	1.175631	-9.447279	1.097954	-8.349325
0.811000	1.174145	-9.460813	1.111488	-8.349325
0.812000	1.172649	-9.474415	1.125089	-8.349325
0.813000	1.171145	-9.488081	1.138756	-8.349326
0.814000	1.169631	-9.501811	1.152485	-8.349326
0.815000	1.168108	-9.515602	1.166276	-8.349326
0.816000	1.166577	-9.529451	1.180125	-8.349326
0.817000	1.165036	-9.543357	1.194031	-8.349326
0.818000	1.163486	-9.557318	1.207991	-8.349326
0.819000	1.161927	-9.571330	1.222003	-8.349327
0.820000	1.160359	-9.585390	1.236064	-8.349327
0.821000	1.158782	-9.599497	1.250170	-8.349327
0.822000	1.157197	-9.613647	1.264319	-8.349327
0.823000	1.155602	-9.627836	1.278509	-8.349328
0.824000	1.153999	-9.642062	1.292734	-8.349328
0.825000	1.152386	-9.656321	1.306993	-8.349328
0.826000	1.150765	-9.670609	1.321281	-8.349328
0.827000	1.149135	-9.684923	1.335594	-8.349329
0.828000	1.147496	-9.699258	1.349929	-8.349329
0.829000	1.145849	-9.713611	1.364282	-8.349329
0.830000	1.144193	-9.727977	1.378647	-8.349330
0.831000	1.142528	-9.742351	1.393021	-8.349330
0.832000	1.140854	-9.756728	1.407398	-8.349331
0.833000	1.139172	-9.771104	1.421773	-8.349331
0.834000	1.137482	-9.785474	1.436142	-8.349331
0.835000	1.135783	-9.799831	1.450499	-8.349332
0.836000	1.134075	-9.814170	1.464838	-8.349332
0.837000	1.132359	-9.828485	1.479152	-8.349333
0.838000	1.130635	-9.842770	1.493437	-8.349333
0.839000	1.128903	-9.857018	1.507685	-8.349334
0.840000	1.127162	-9.871223	1.521889	-8.349334
0.841000	1.125414	-9.885377	1.536042	-8.349335
0.842000	1.123657	-9.899473	1.550138	-8.349336
0.843000	1.121892	-9.913504	1.564167	-8.349336
0.844000	1.120119	-9.927460	1.578123	-8.349337
0.845000	1.118339	-9.941334	1.591997	-8.349337
0.846000	1.116551	-9.955118	1.605779	-8.349338
0.847000	1.114755	-9.968801	1.619462	-8.349339
0.848000	1.112951	-9.982375	1.633036	-8.349340
0.849000	1.111140	-9.995830	1.646490	-8.349340
0.850000	1.109322	-10.009156	1.659814	-8.349341
0.851000	1.107496	-10.022341	1.672999	-8.349342
0.852000	1.105664	-10.035376	1.686033	-8.349343
0.853000	1.103824	-10.048248	1.698904	-8.349344
0.854000	1.101977	-10.060946	1.711601	-8.349345
0.855000	1.100123	-10.073457	1.724111	-8.349346
0.856000	1.098263	-10.085770	1.736423	-8.349347
0.857000	1.096396	-10.097869	1.748521	-8.349348
0.858000	1.094523	-10.109743	1.760394	-8.349349
0.859000	1.092644	-10.121376	1.772026	-8.349350
0.860000	1.090758	-10.132754	1.783403	-8.349351
0.861000	1.088866	-10.143862	1.794510	-8.349353
0.862000	1.086969	-10.154685	1.805331	-8.349354
0.863000	1.085066	-10.165205	1.815850	-8.349355
0.864000	1.083158	-10.175407	1.826050	-8.349357
0.865000	1.081244	-10.185272	1.835914	-8.349358
0.866000	1.079325	-10.194784	1.845425	-8.349359
0.867000	1.077402	-10.203924	1.854563	-8.349361
0.868000	1.075473	-10.212673	1.863310	-8.349362
0.869000	1.073541	-10.221011	1.871647	-8.349364
0.870000	1.071604	-10.228919	1.879553	-8.349366
0.871000	1.069663	-10.236376	1.887009	-8.349367
0.872000	1.067718	-10.243361	1.893992	-8.349369
0.873000	1.065770	-10.249853	1.900482	-8.349371
0.874000	1.063819	-10.255829	1.906456	-8.349373
0.875000	1.061865	-10.261266	1.911892	-8.349374
0.876000	1.059908	-10.266142	1.916766	-8.349376
0.877000	1.057949	-10.270433	1.921055	-8.349378
0.878000	1.055988	-10.274115	1.924735	-8.349380
0.879000	1.054025	-10.277163	1.927780	-8.349382
0.880000	1.052061	-10.279552	1.930167	-8.349384
0.881000	1.050096	-10.281256	1.931870	-8.349387
0.882000	1.048130	-10.282251	1.932862	-8.349389
0.883000	1.046163	-10.282510	1.933119	-8.349391
0.884000	1.044197	-10.282006	1.932613	-8.349393
0.885000	1.042231	-10.280713	1.931318	-8.349395
0.886000	1.040266	-10.278605	1.929207	-8.349398
0.887000	1.038303	-10.275654	1.926254	-8.349400
0.888000	1.036341	-10.271833	1.922431	-8.349402
0.889000	1.034381	-10.267116	1.917712	-8.349405
0.890000	1.032424	-10.261476	1.912070	-8.349407
0.891000	1.030470	-10.254887	1.905478	-8.349409
0.892000	1.028520	-10.247322	1.897910	-8.349412
0.893000	1.026573	-10.238755	1.889341	-8.349414
0.894000	1.024632	-10.229160	1.879744	-8.349416
0.895000	1.022696	-10.218515	1.869096	-8.349418
0.896000	1.020765	-10.206793	1.857373	-8.349421
0.897000	1.018841	-10.193973	1.844550	-8.349423
0.898000	1.016924	-10.180033	1.830608	-8.349425
0.899000	1.015014	-10.164951	1.815524	-8.349427
0.900000	1.013113	-10.148708	1.799279	-8.349429
0.901000	1.011220	-10.131287	1.781856	-8.349431
0.902000	1.009337	-10.112671	1.763238	-8.349432
0.903000	1.007464	-10.092846	1.743412	-8.349434
0.904000	1.005602	-10.071801	1.722365	-8.349436
0.905000	1.003752	-10.049525	1.700088	-8.349437
0.906000	1.001914	-10.026012	1.676574	-8.349438
0.907000	1.000090	-10.001257	1.651818	-8.349439
0.908000	0.998279	-9.975258	1.625818	-8.349440
0.909000	0.996483	-9.948018	1.598578	-8.349441
0.910000	0.994703	-9.919542	1.570101	-8.349441
0.911000	0.992939	-9.889839	1.540398	-8.349441
0.912000	0.991193	-9.858923	1.509482	-8.349441
0.913000	0.989464	-9.826809	1.477369	-8.349440
0.914000	0.987755	-9.793521	1.444081	-8.349440
0.915000	0.986065	-9.759083	1.409644	-8.349439
0.916000	0.984397	-9.723528	1.374090	-8.349437
0.917000	0.982750	-9.686891	1.337455	-8.349436
0.918000	0.981126	-9.649213	1.299780	-8.349434
0.919000	0.979525	-9.610542	1.261111	-8.349431
0.920000	0.977949	-9.570930	1.221502	-8.349428
0.921000	0.976399	-9.530435	1.181010	-8.349425
0.922000	0.974876	-9.489120	1.139699	-8.349422
0.923000	0.973380	-9.447056	1.097639	-8.349418
0.924000	0.971912	-9.404319	1.054905	-8.349413
0.925000	0.970475	-9.360988	1.011580	-8.349409
0.926000	0.969068	-9.317153	0.967750	-8.349403
0.927000	0.967692	-9.272906	0.923508	-8.349398
0.928000	0.966349	-9.228346	0.878954	-8.349392
0.929000	0.965040	-9.183578	0.834192	-8.349386
0.930000	0.963766	-9.138711	0.789332	-8.349379
0.931000	0.962528	-9.093860	0.744487	-8.349372
0.932000	0.961326	-9.049143	0.699778	-8.349365
0.933000	0.960161	-9.004685	0.655327	-8.349358
0.934000	0.959036	-8.960612	0.611262	-8.349350
0.935000	0.957950	-8.917055	0.567713	-8.349342
0.936000	0.956905	-8.874148	0.524814	-8.349334
0.937000	0.955901	-8.832025	0.482699	-8.349326
0.938000	0.954940	-8.790823	0.441506	-8.349317
0.939000	0.954022	-8.750680	0.401371	-8.349309
0.940000	0.953148	-8.711734	0.362433	-8.349301
0.941000	0.952319	-8.674121	0.324828	-8.349292
0.942000	0.951536	-8.637975	0.288691	-8.349284
0.943000	0.950799	-8.603431	0.254155	-8.349276
0.944000	0.950110	-8.570617	0.221348	-8.349269
0.945000	0.949469	-8.539658	0.190396	-8.349261
0.946000	0.948876	-8.510674	0.161420	-8.349254
0.947000	0.948332	-8.483780	0.134533	-8.349247
0.948000	0.947838	-8.459084	0.109843	-8.349241
0.949000	0.947395	-8.436685	0.087450	-8.349235
0.950000	0.947002	-8.416676	0.067446	-8.349230
0.951000	0.946660	-8.399140	0.049914	-8.349226
0.952000	0.946370	-8.384149	0.034927	-8.349222
0.953000	0.946132	-8.371767	0.022549	-8.349218
0.954000	0.945945	-8.362048	0.012832	-8.349216
0.955000	0.945811	-8.355031	0.005817	-8.349214
0.956000	0.945730	-8.350748	0.001535	-8.349213
0.957000	0.945700	-8.349217	0.000004	-8.349212
0.958000	0.945724	-8.350444	0.001231	-8.349213
0.959000	0.945800	-8.354424	0.005210	-8.349214
0.960000	0.945928	-8.361140	0.011924	-8.349216
0.961000	0.946108	-8.370563	0.021345	-8.349218
0.962000	0.946341	-8.382653	0.033432	-8.349221
0.963000	0.946626	-8.397359	0.048134	-8.349225
0.964000	0.946962	-8.414618	0.065388	-8.349230
0.965000	0.947349	-8.434358	0.085123	-8.349235
0.966000	0.947787	-8.456497	0.107257	-8.349240
0.967000	0.948275	-8.480945	0.131698	-8.349247
0.968000	0.948813	-8.507601	0.158348	-8.349253
0.969000	0.949401	-8.536359	0.187099	-8.349260
0.970000	0.950037	-8.567106	0.217839	-8.349268
0.971000	0.950721	-8.599722	0.250446	-8.349275
0.972000	0.951452	-8.634082	0.284798	-8.349283
0.973000	0.952230	-8.670057	0.320765	-8.349291
0.974000	0.953054	-8.707514	0.358215	-8.349300
0.975000	0.953923	-8.746320	0.397012	-8.349308
0.976000	0.954836	-8.786338	0.437022	-8.349316
0.977000	0.955793	-8.827429	0.478105	-8.349325
0.978000	0.956792	-8.869457	0.520124	-8.349333
0.979000	0.957833	-8.912285	0.562944	-8.349341
0.980000	0.958914	-8.955777	0.606428	-8.349349
0.981000	0.960035	-8.999799	0.650442	-8.349357
0.982000	0.961195	-9.044221	0.694857	-8.349364
0.983000	0.962393	-9.088915	0.739544	-8.349372
0.984000	0.963628	-9.133758	0.784379	-8.349378
0.985000	0.964898	-9.178629	0.829244	-8.349385
0.986000	0.966203	-9.223413	0.874022	-8.349391
0.987000	0.967542	-9.268001	0.918604	-8.349397
0.988000	0.968914	-9.312288	0.962885	-8.349403
0.989000	0.970318	-9.356173	1.006765	-8.349408
0.990000	0.971752	-9.399564	1.050151	-8.349413
0.991000	0.973216	-9.442371	1.092954	-8.349417
0.992000	0.974709	-9.484513	1.135092	-8.349421
0.993000	0.976230	-9.525914	1.176489	-8.349425
0.994000	0.977777	-9.566503	1.217075	-8.349428
0.995000	0.979350	-9.606215	1.256784	-8.349431
0.996000	0.980948	-9.644993	1.295559	-8.349433
0.997000	0.982569	-9.682782	1.333347	-8.349435
0.998000	0.984214	-9.719536	1.370099	-8.349437
0.999000	0.985880	-9.755213	1.405774	-8.349439
1.000000	0.987567	-9.789775	1.440336	-8.349440
1.001000	0.989275	-9.823192	1.473752	-8.349440
1.002000	0.991001	-9.855437	1.505996	-8.349441
1.003000	0.992746	-9.886486	1.537045	-8.349441
1.004000	0.994508	-9.916324	1.566883	-8.349441
1.005000	0.996286	-9.944936	1.595495	-8.349441
1.006000	0.998080	-9.972312	1.622872	-8.349440
1.007000	0.999889	-9.998448	1.649009	-8.349439
1.008000	1.001712	-10.023341	1.673902	-8.349438
1.009000	1.003549	-10.046991	1.697554	-8.349437
1.010000	1.005398	-10.069403	1.719967	-8.349436
1.011000	1.007258	-10.090584	1.741149	-8.349434
1.012000	1.009130	-10.110542	1.761110	-8.349433
1.013000	1.011012	-10.129291	1.779860	-8.349431
1.014000	1.012903	-10.146843	1.797414	-8.349429
1.015000	1.014804	-10.163215	1.813788	-8.349427
1.016000	1.016712	-10.178424	1.828999	-8.349425
1.017000	1.018629	-10.192490	1.843067	-8.349423
1.018000	1.020552	-10.205433	1.856012	-8.349421
1.019000	1.022482	-10.217274	1.867856	-8.349419
1.020000	1.024418	-10.228038	1.878621	-8.349416
1.021000	1.026359	-10.237746	1.888332	-8.349414
1.022000	1.028305	-10.246426	1.897014	-8.349412
1.023000	1.030255	-10.254100	1.904691	-8.349410
1.024000	1.032208	-10.260796	1.911389	-8.349407
1.025000	1.034165	-10.266540	1.917135	-8.349405
1.026000	1.036124	-10.271357	1.921955	-8.349403
1.027000	1.038086	-10.275275	1.925875	-8.349400
1.028000	1.040050	-10.278321	1.928923	-8.349398
1.029000	1.042014	-10.280521	1.931125	-8.349396
1.030000	1.043980	-10.281903	1.932509	-8.349393
1.031000	1.045946	-10.282492	1.933101	-8.349391
1.032000	1.047913	-10.282316	1.932927	-8.349389
1.033000	1.049879	-10.281402	1.932015	-8.349387
1.034000	1.051844	-10.279774	1.930389	-8.349385
1.035000	1.053808	-10.277459	1.928077	-8.349383
1.036000	1.055771	-10.274483	1.925102	-8.349381
1.037000	1.057733	-10.270870	1.921492	-8.349379
1.038000	1.059692	-10.266645	1.917269	-8.349377
1.039000	1.061649	-10.261833	1.912458	-8.349375
1.040000	1.063604	-10.256456	1.907083	-8.349373
1.041000	1.065555	-10.250538	1.901167	-8.349371
1.042000	1.067504	-10.244102	1.894733	-8.349369
1.043000	1.069449	-10.237171	1.887803	-8.349367
1.044000	1.071390	-10.229765	1.880399	-8.349366
1.045000	1.073327	-10.221905	1.872541	-8.349364
1.046000	1.075260	-10.213613	1.864251	-8.349363
1.047000	1.077189	-10.204909	1.855548	-8.349361
1.048000	1.079113	-10.195811	1.846452	-8.349360
1.049000	1.081032	-10.186340	1.836982	-8.349358
1.050000	1.082947	-10.176512	1.827156	-8.349357
1.051000	1.084856	-10.166347	1.816992	-8.349355
1.052000	1.086759	-10.155861	1.806507	-8.349354
1.053000	1.088657	-10.145071	1.795718	-8.349353
1.054000	1.090549	-10.133994	1.784642	-8.349351
1.055000	1.092436	-10.122645	1.773294	-8.349350
1.056000	1.094316	-10.111039	1.761690	-8.349349
1.057000	1.096190	-10.099191	1.749843	-8.349348
1.058000	1.098057	-10.087116	1.737769	-8.349347
1.059000	1.099918	-10.074826	1.725480	-8.349346
1.060000	1.101773	-10.062336	1.712991	-8.349345
1.061000	1.103620	-10.049658	1.700314	-8.349344
1.062000	1.105461	-10.036805	1.687462	-8.349343
1.063000	1.107294	-10.023787	1.674445	-8.349342
1.064000	1.109121	-10.010618	1.661277	-8.349341
1.065000	1.110940	-9.997307	1.647967	-8.349341
1.066000	1.112752	-9.983866	1.634527	-8.349340
1.067000	1.114556	-9.970305	1.620966	-8.349339
1.068000	1.116353	-9.956633	1.607295	-8.349338
1.069000	1.118142	-9.942860	1.593523	-8.349338
1.070000	1.119923	-9.928995	1.579659	-8.349337
1.071000	1.121697	-9.915048	1.565711	-8.349336
1.072000	1.123463	-9.901025	1.551690	-8.349336
1.073000	1.125220	-9.886936	1.537601	-8.349335
1.074000	1.126970	-9.872788	1.523454	-8.349334
1.075000	1.128711	-9.858589	1.509255	-8.349334
1.076000	1.130445	-9.844345	1.495011	-8.349333
1.077000	1.132170	-9.830063	1.480731	-8.349333
1.078000	1.133886	-9.815751	1.466419	-8.349332
1.079000	1.135595	-9.801414	1.452083	-8.349332
1.080000	1.137295	-9.787059	1.437728	-8.349331
1.081000	1.138986	-9.772691	1.423360	-8.349331
1.082000	1.140669	-9.758315	1.408985	-8.349331
1.083000	1.142343	-9.743938	1.394607	-8.349330
1.084000	1.144009	-9.729563	1.380233	-8.349330
1.085000	1.145666	-9.715196	1.365867	-8.349329
1.086000	1.147315	-9.700842	1.351513	-8.349329
1.087000	1.148955	-9.686504	1.337176	-8.349329
1.088000	1.150586	-9.672188	1.322859	-8.349329
1.089000	1.152208	-9.657897	1.308568	-8.349328
1.090000	1.153821	-9.643634	1.294306	-8.349328
1.091000	1.155426	-9.629405	1.280077	-8.349328
1.092000	1.157021	-9.615211	1.265884	-8.349327
1.093000	1.158608	-9.601057	1.251730	-8.349327
1.094000	1.160186	-9.586945	1.237618	-8.349327
1.095000	1.161754	-9.572879	1.223553	-8.349327
1.096000	1.163314	-9.558862	1.209535	-8.349326
1.097000	1.164865	-9.544896	1.195569	-8.349326
1.098000	1.166407	-9.530983	1.181657	-8.349326
1.099000	1.167940	-9.517127	1.167801	-8.349326
1.100000	1.169463	-9.503330	1.154004	-8.349326
1.101000	1.170978	-9.489593	1.140268	-8.349326
1.102000	1.172484	-9.475920	1.126594	-8.349325
1.103000	1.173980	-9.462311	1.112986	-8.349325
1.104000	1.175468	-9.448770	1.099445	-8.349325
1.105000	1.176946	-9.435297	1.085972	-8.349325
1.106000	1.178415	-9.421894	1.072569	-8.349325
1.107000	1.179875	-9.408564	1.059239	-8.349325
1.108000	1.181326	-9.395307	1.045982	-8.349325
1.109000	1.182768	-9.382125	1.032800	-8.349325
1.110000	1.184201	-9.369019	1.019694	-8.349324
1.111000	1.185624	-9.355991	1.006666	-8.349324
1.112000	1.187038	-9.343041	0.993717	-8.349324
1.113000	1.188444	-9.330171	0.980847	-8.349324
1.114000	1.189840	-9.317383	0.968059	-8.349324
1.115000	1.191227	-9.304676	0.955352	-8.349324
1.116000	1.192604	-9.292052	0.942728	-8.349324
1.117000	1.193973	-9.279511	0.930188	-8.349324
1.118000	1.195332	-9.267056	0.917732	-8.349324
1.119000	1.196682	-9.254685	0.905361	-8.349324
1.120000	1.198023	-9.242400	0.893076	-8.349324
1.121000	1.199355	-9.230202	0.880878	-8.349324
1.122000	1.200678	-9.218091	0.868767	-8.349324
1.123000	1.201992	-9.206068	0.856744	-8.349324
1.124000	1.203296	-9.194132	0.844809	-8.349323
1.125000	1.204591	-9.182286	0.832962	-8.349323
1.126000	1.205877	-9.170528	0.821205	-8.349323
1.127000	1.207154	-9.158860	0.809537	-8.349323
1.128000	1.208422	-9.147282	0.797959	-8.349323
1.129000	1.209681	-9.135794	0.786470	-8.349323
1.130000	1.210931	-9.124396	0.775072	-8.349323
1.131000	1.212171	-9.113088	0.763765	-8.349323
1.132000	1.213403	-9.101872	0.752549	-8.349323
1.133000	1.214625	-9.090746	0.741423	-8.349323
1.134000	1.215838	-9.079712	0.730388	-8.349323
1.135000	1.217042	-9.068768	0.719445	-8.349323
1.136000	1.218237	-9.057916	0.708593	-8.349323
1.137000	1.219423	-9.047156	0.697833	-8.349323
1.138000	1.220600	-9.036487	0.687163	-8.349323
1.139000	1.221768	-9.025909	0.676586	-8.349323
1.140000	1.222926	-9.015423	0.666100	-8.349323
1.141000	1.224076	-9.005028	0.655705	-8.349323
1.142000	1.225217	-8.994725	0.645401	-8.349323
1.143000	1.226348	-8.984513	0.635189	-8.349323
1.144000	1.227471	-8.974392	0.625069	-8.349323
1.145000	1.228584	-8.964362	0.615039	-8.349323
1.146000	1.229689	-8.954424	0.605101	-8.349323
1.147000	1.230785	-8.944577	0.595254	-8.349323
1.148000	1.231871	-8.934820	0.585497	-8.349323
1.149000	1.232949	-8.925154	0.575831	-8.349323
1.150000	1.234018	-8.915579	0.566256	-8.349323
1.151000	1.235077	-8.906094	0.556771	-8.349323
1.152000	1.236128	-8.896700	0.547377	-8.349323
1.153000	1.237170	-8.887395	0.538072	-8.349323
1.154000	1.238203	-8.878181	0.528858	-8.349323
1.155000	1.239227	-8.869056	0.519733	-8.349323
1.156000	1.240242	-8.860020	0.510697	-8.349323
1.157000	1.241248	-8.851074	0.501751	-8.349323
1.158000	1.242245	-8.842217	0.492893	-8.349323
1.159000	1.243234	-8.833448	0.484125	-8.349323
1.160000	1.244213	-8.824768	0.475445	-8.349323
1.161000	1.245184	-8.816176	0.466853	-8.349323
1.162000	1.246146	-8.807672	0.458349	-8.349323
1.163000	1.247099	-8.799256	0.449933	-8.349323
1.164000	1.248043	-8.790928	0.441605	-8.349323
1.165000	1.248979	-8.782687	0.433363	-8.349323
1.166000	1.249905	-8.774532	0.425209	-8.349323
1.167000	1.250823	-8.766465	0.417141	-8.349323
1.168000	1.251732	-8.758484	0.409160	-8.349323
1.169000	1.252632	-8.750588	0.401265	-8.349323
1.170000	1.253524	-8.742779	0.393456	-8.349323
1.171000	1.254406	-8.735056	0.385732	-8.349323
1.172000	1.255280	-8.727417	0.378094	-8.349323
1.173000	1.256145	-8.719864	0.370540	-8.349323
1.174000	1.257002	-8.712395	0.363072	-8.349324
1.175000	1.257850	-8.705011	0.355687	-8.349324
1.176000	1.258689	-8.697711	0.348387	-8.349324
1.177000	1.259519	-8.690494	0.341171	-8.349324
1.178000	1.260341	-8.683361	0.334038	-8.349324
1.179000	1.261154	-8.676312	0.326988	-8.349324
1.180000	1.261958	-8.669345	0.320022	-8.349324
1.181000	1.262754	-8.662461	0.313138	-8.349324
1.182000	1.263541	-8.655660	0.306336	-8.349324
1.183000	1.264319	-8.648940	0.299616	-8.349324
1.184000	1.265089	-8.642302	0.292978	-8.349324
1.185000	1.265850	-8.635746	0.286422	-8.349324
1.186000	1.266603	-8.629271	0.279947	-8.349324
1.187000	1.267347	-8.622876	0.273553	-8.349324
1.188000	1.268082	-8.616563	0.267239	-8.349324
1.189000	1.268809	-8.610329	0.261006	-8.349324
1.190000	1.269527	-8.604176	0.254852	-8.349324
1.191000	1.270237	-8.598102	0.248778	-8.349324
1.192000	1.270938	-8.592108	0.242784	-8.349324
1.193000	1.271631	-8.586193	0.236869	-8.349324
1.194000	1.272315	-8.580357	0.231033	-8.349324
1.195000	1.272990	-8.574600	0.225276	-8.349324
1.196000	1.273657	-8.568920	0.219597	-8.349324
1.197000	1.274316	-8.563319	0.213995	-8.349324
1.198000	1.274966	-8.557796	0.208472	-8.349324
1.199000	1.275607	-8.552350	0.203026	-8.349324
1.200000	1.276240	-8.546982	0.197658	-8.349324
1.201000	1.276864	-8.541690	0.192366	-8.349324
1.202000	1.277481	-8.536476	0.187152	-8.349324
1.203000	1.278088	-8.531337	0.182013	-8.349324
1.204000	1.278687	-8.526275	0.176951	-8.349324
1.205000	1.279278	-8.521289	0.171965	-8.349324
1.206000	1.279860	-8.516379	0.167055	-8.349324
1.207000	1.280434	-8.511544	0.162220	-8.349324
1.208000	1.280999	-8.506784	0.157460	-8.349324
1.209000	1.281556	-8.502099	0.152775	-8.349324
1.210000	1.282105	-8.497489	0.148165	-8.349324
1.211000	1.282645	-8.492953	0.143629	-8.349324
1.212000	1.283177	-8.488492	0.139168	-8.349324
1.213000	1.283700	-8.484105	0.134781	-8.349324
1.214000	1.284215	-8.479791	0.130467	-8.349324
1.215000	1.284722	-8.475551	0.126227	-8.349324
1.216000	1.285220	-8.471385	0.122061	-8.349324
1.217000	1.285710	-8.467292	0.117967	-8.349324
1.218000	1.286192	-8.463271	0.113947	-8.349324
1.219000	1.286665	-8.459323	0.109999	-8.349324
1.220000	1.287130	-8.455448	0.106124	-8.349324
1.221000	1.287586	-8.451645	0.102321	-8.349324
1.222000	1.288034	-8.447914	0.098590	-8.349324
1.223000	1.288474	-8.444255	0.094931	-8.349324
1.224000	1.288906	-8.440668	0.091344	-8.349324
1.225000	1.289329	-8.437152	0.087828	-8.349324
1.226000	1.289744	-8.433708	0.084383	-8.349324
1.227000	1.290151	-8.430334	0.081010	-8.349324
1.228000	1.290549	-8.427032	0.077708	-8.349324
1.229000	1.290939	-8.423801	0.074476	-8.349324
1.230000	1.291321	-8.420640	0.071315	-8.349324
1.231000	1.291694	-8.417549	0.068225	-8.349324
1.232000	1.292060	-8.414529	0.065205	-8.349324
1.233000	1.292417	-8.411579	0.062254	-8.349324
1.234000	1.292765	-8.408699	0.059374	-8.349324
1.235000	1.293106	-8.405888	0.056564	-8.349324
1.236000	1.293438	-8.403148	0.053823	-8.349324
1.237000	1.293762	-8.400476	0.051152	-8.349324
1.238000	1.294078	-8.397874	0.048550	-8.349324
1.239000	1.294385	-8.395342	0.046017	-8.349324
1.240000	1.294685	-8.392878	0.043554	-8.349324
1.241000	1.294976	-8.390484	0.041159	-8.349324
1.242000	1.295258	-8.388158	0.038833	-8.349324
1.243000	1.295533	-8.385900	0.036576	-8.349324
1.244000	1.295799	-8.383712	0.034387	-8.349324
1.245000	1.296057	-8.381592	0.032267	-8.349324
1.246000	1.296307	-8.379540	0.030215	-8.349325
1.247000	1.296549	-8.377556	0.028232	-8.349325
1.248000	1.296783	-8.375640	0.026316	-8.349325
1.249000	1.297008	-8.373793	0.024468	-8.349325
1.250000	1.297225	-8.372013	0.022689	-8.349325
1.251000	1.297434	-8.370301	0.020977	-8.349325
1.252000	1.297635	-8.368657	0.019333	-8.349325
1.253000	1.297827	-8.367080	0.017756	-8.349325
1.254000	1.298012	-8.365571	0.016247	-8.349325
1.255000	1.298188	-8.364130	0.014805	-8.349325
1.256000	1.298356	-8.362755	0.013431	-8.349325
1.257000	1.298516	-8.361448	0.012124	-8.349325
1.258000	1.298667	-8.360209	0.010884	-8.349325
1.259000	1.298811	-8.359036	0.009711	-8.349325
1.260000	1.298946	-8.357930	0.008606	-8.349325
1.261000	1.299073	-8.356892	0.007567	-8.349325
1.262000	1.299192	-8.355920	0.006596	-8.349325
1.263000	1.299303	-8.355015	0.005691	-8.349325
1.264000	1.299405	-8.354178	0.004853	-8.349325
1.265000	1.299500	-8.353407	0.004082	-8.349325
1.266000	1.299586	-8.352702	0.003378	-8.349325
1.267000	1.299664	-8.352065	0.002740	-8.349325
1.268000	1.299734	-8.351494	0.002169	-8.349325
1.269000	1.299796	-8.350990	0.001665	-8.349325
1.270000	1.299850	-8.350552	0.001227	-8.349325
1.271000	1.299895	-8.350181	0.000857	-8.349325
1.272000	1.299932	-8.349877	0.000552	-8.349325
1.273000	1.299961	-8.349639	0.000314	-8.349325
1.274000	1.299982	-8.349468	0.000143	-8.349325
1.275000	1.299995	-8.349363	0.000038	-8.349325
1.276000	1.300000	-8.349325	0.000000	-8.349325
1.277000	1.299996	-8.349353	0.000029	-8.349325
1.278000	1.299985	-8.349448	0.000123	-8.349325
1.279000	1.299965	-8.349610	0.000285	-8.349325
1.280000	1.299937	-8.349838	0.000513	-8.349325
1.281000	1.299901	-8.350132	0.000808	-8.349325
1.282000	1.299857	-8.350493	0.001169	-8.349325
1.283000	1.299804	-8.350921	0.001596	-8.349325
1.284000	1.299744	-8.351415	0.002091	-8.349325
1.285000	1.299675	-8.351977	0.002652	-8.349325
1.286000	1.299598	-8.352604	0.003280	-8.349325
1.287000	1.299513	-8.353299	0.003974	-8.349325
1.288000	1.299420	-8.354060	0.004735	-8.349325
1.289000	1.299318	-8.354888	0.005563	-8.349325
1.290000	1.299209	-8.355783	0.006458	-8.349325
1.291000	1.299091	-8.356745	0.007420	-8.349325
1.292000	1.298965	-8.357773	0.008449	-8.349325
1.293000	1.298831	-8.358869	0.009544	-8.349325
1.294000	1.298689	-8.360032	0.010707	-8.349325
1.295000	1.298538	-8.361262	0.011937	-8.349325
1.296000	1.298380	-8.362559	0.013234	-8.349325
1.297000	1.298213	-8.363923	0.014599	-8.349325
1.298000	1.298038	-8.365355	0.016030	-8.349325
1.299000	1.297855	-8.366854	0.017530	-8.349325
1.300000	1.297664	-8.368421	0.019096	-8.349325
1.301000	1.297464	-8.370055	0.020731	-8.349325
1.302000	1.297256	-8.371757	0.022432	-8.349325
1.303000	1.297040	-8.373527	0.024202	-8.349325
1.304000	1.296816	-8.375364	0.026040	-8.349325
1.305000	1.296584	-8.377270	0.027945	-8.349325
1.306000	1.296344	-8.379244	0.029919	-8.349325
1.307000	1.296095	-8.381285	0.031961	-8.349324
1.308000	1.295838	-8.383396	0.034071	-8.349324
1.309000	1.295573	-8.385574	0.036250	-8.349324
1.310000	1.295299	-8.387821	0.038497	-8.349324
1.311000	1.295018	-8.390137	0.040812	-8.349324
1.312000	1.294728	-8.392521	0.043197	-8.349324
1.313000	1.294430	-8.394975	0.045650	-8.349324
1.314000	1.294124	-8.397497	0.048173	-8.349324
1.315000	1.293809	-8.400089	0.050765	-8.349324
1.316000	1.293486	-8.402750	0.053426	-8.349324
1.317000	1.293155	-8.405481	0.056156	-8.349324
1.318000	1.292816	-8.408281	0.058956	-8.349324
1.319000	1.292469	-8.411151	0.061826	-8.349324
1.320000	1.292113	-8.414090	0.064766	-8.349324
1.321000	1.291749	-8.417100	0.067776	-8.349324
1.322000	1.291376	-8.420180	0.070856	-8.349324
1.323000	1.290996	-8.423331	0.074007	-8.349324
1.324000	1.290607	-8.426552	0.077228	-8.349324
1.325000	1.290210	-8.429844	0.080520	-8.349324
1.326000	1.289804	-8.433207	0.083883	-8.349324
1.327000	1.289391	-8.436641	0.087317	-8.349324
1.328000	1.288969	-8.440146	0.090822	-8.349324
1.329000	1.288538	-8.443723	0.094399	-8.349324
1.330000	1.288100	-8.447371	0.098047	-8.349324
1.331000	1.287653	-8.451091	0.101767	-8.349324
1.332000	1.287197	-8.454884	0.105560	-8.349324
1.333000	1.286734	-8.458748	0.109424	-8.349324
1.334000	1.286262	-8.462686	0.113361	-8.349324
1.335000	1.285781	-8.466695	0.117371	-8.349324
1.336000	1.285293	-8.470778	0.121454	-8.349324
1.337000	1.284796	-8.474934	0.125610	-8.349324
1.338000	1.284290	-8.479163	0.129839	-8.349324
1.339000	1.283776	-8.483465	0.134141	-8.349324
1.340000	1.283254	-8.487842	0.138518	-8.349324
1.341000	1.282724	-8.492292	0.142968	-8.349324
1.342000	1.282185	-8.496817	0.147493	-8.349324
1.343000	1.281638	-8.501416	0.152092	-8.349324
1.344000	1.281082	-8.506090	0.156766	-8.349324
1.345000	1.280518	-8.510838	0.161514	-8.349324
1.346000	1.279945	-8.515662	0.166338	-8.349324
1.347000	1.279364	-8.520562	0.171238	-8.349324
1.348000	1.278775	-8.525537	0.176213	-8.349324
1.349000	1.278177	-8.530588	0.181264	-8.349324
1.350000	1.277570	-8.535715	0.186391	-8.349324
1.351000	1.276956	-8.540918	0.191594	-8.349324
1.352000	1.276332	-8.546198	0.196874	-8.349324
1.353000	1.275701	-8.551555	0.202232	-8.349324
1.354000	1.275060	-8.556990	0.207666	-8.349324
1.355000	1.274412	-8.562502	0.213178	-8.349324
1.356000	1.273755	-8.568091	0.218767	-8.349324
1.357000	1.273089	-8.573759	0.224435	-8.349324
1.358000	1.272415	-8.579505	0.230181	-8.349324
1.359000	1.271732	-8.585329	0.236006	-8.349324
1.360000	1.271041	-8.591233	0.241909	-8.349324
1.361000	1.270341	-8.597215	0.247891	-8.349324
1.362000	1.269632	-8.603277	0.253953	-8.349324
1.363000	1.268915	-8.609419	0.260095	-8.349324
1.364000	1.268190	-8.615640	0.266317	-8.349324
1.365000	1.267456	-8.621942	0.272618	-8.349324
1.366000	1.266713	-8.628325	0.279001	-8.349324
1.367000	1.265962	-8.634788	0.285464	-8.349324
1.368000	1.265202	-8.641332	0.292009	-8.349324
1.369000	1.264433	-8.647958	0.298634	-8.349324
1.370000	1.263656	-8.654666	0.305342	-8.349324
1.371000	1.262870	-8.661455	0.312131	-8.349324
1.372000	1.262076	-8.668327	0.319003	-8.349324
1.373000	1.261273	-8.675281	0.325958	-8.349324
1.374000	1.260461	-8.682319	0.332995	-8.349324
1.375000	1.259641	-8.689439	0.340116	-8.349324
1.376000	1.258812	-8.696643	0.347320	-8.349324
1.377000	1.257974	-8.703931	0.354608	-8.349324
1.378000	1.257127	-8.711303	0.361980	-8.349324
1.379000	1.256272	-8.718759	0.369436	-8.349323
1.380000	1.255408	-8.726300	0.376977	-8.349323
1.381000	1.254535	-8.733926	0.384603	-8.349323
1.382000	1.253654	-8.741637	0.392314	-8.349323
1.383000	1.252764	-8.749434	0.400110	-8.349323
1.384000	1.251865	-8.757316	0.407993	-8.349323
1.385000	1.250957	-8.765285	0.415961	-8.349323
1.386000	1.250041	-8.773340	0.424016	-8.349323
1.387000	1.249115	-8.781481	0.432158	-8.349323
1.388000	1.248181	-8.789710	0.440386	-8.349323
1.389000	1.247238	-8.798025	0.448702	-8.349323
1.390000	1.246287	-8.806428	0.457105	-8.349323
1.391000	1.245326	-8.814919	0.465596	-8.349323
1.392000	1.244357	-8.823498	0.474175	-8.349323
1.393000	1.243379	-8.832165	0.482842	-8.349323
1.394000	1.242391	-8.840921	0.491597	-8.349323
1.395000	1.241395	-8.849765	0.500442	-8.349323
1.396000	1.240391	-8.858698	0.509375	-8.349323
1.397000	1.239377	-8.867720	0.518397	-8.349323
1.398000	1.238354	-8.876832	0.527509	-8.349323
1.399000	1.237322	-8.886034	0.536711	-8.349323
1.400000	1.236282	-8.895325	0.546002	-8.349323
1.401000	1.235232	-8.904706	0.555383	-8.349323
1.402000	1.234174	-8.914178	0.564855	-8.349323
1.403000	1.233107	-8.923740	0.574416	-8.349323
1.404000	1.232030	-8.933392	0.584069	-8.349323
1.405000	1.230945	-8.943135	0.593812	-8.349323
1.406000	1.229851	-8.952969	0.603646	-8.349323
1.407000	1.228748	-8.962894	0.613571	-8.349323
1.408000	1.227635	-8.972910	0.623587	-8.349323
1.409000	1.226514	-8.983017	0.633694	-8.349323
1.410000	1.225384	-8.993216	0.643893	-8.349323
1.411000	1.224244	-9.003506	0.654183	-8.349323
1.412000	1.223096	-9.013887	0.664564	-8.349323
1.413000	1.221939	-9.024360	0.675037	-8.349323
1.414000	1.220772	-9.034924	0.685601	-8.349323
1.415000	1.219597	-9.045580	0.696257	-8.349323
1.416000	1.218412	-9.056327	0.707004	-8.349323
1.417000	1.217218	-9.067166	0.717842	-8.349323
1.418000	1.216016	-9.078095	0.728772	-8.349323
1.419000	1.214804	-9.089117	0.739793	-8.349323
1.420000	1.213583	-9.100229	0.750906	-8.349323
1.421000	1.212353	-9.111432	0.762109	-8.349323
1.422000	1.211114	-9.122726	0.773403	-8.349323
1.423000	1.209866	-9.134111	0.784787	-8.349323
1.424000	1.208608	-9.145586	0.796262	-8.349323
1.425000	1.207342	-9.157151	0.807827	-8.349323
1.426000	1.206066	-9.168806	0.819482	-8.349323
1.427000	1.204781	-9.180550	0.831226	-8.349323
1.428000	1.203487	-9.192383	0.843060	-8.349323
1.429000	1.202184	-9.204306	0.854982	-8.349324
1.430000	1.200872	-9.216316	0.866992	-8.349324
1.431000	1.199551	-9.228414	0.879091	-8.349324
1.432000	1.198220	-9.240600	0.891276	-8.349324
1.433000	1.196880	-9.252872	0.903548	-8.349324
1.434000	1.195531	-9.265230	0.915906	-8.349324
1.435000	1.194173	-9.277673	0.928349	-8.349324
1.436000	1.192806	-9.290201	0.940877	-8.349324
1.437000	1.191430	-9.302813	0.953489	-8.349324
1.438000	1.190044	-9.315507	0.966183	-8.349324
1.439000	1.188650	-9.328284	0.978960	-8.349324
1.440000	1.187246	-9.341142	0.991818	-8.349324
1.441000	1.185833	-9.354080	1.004756	-8.349324
1.442000	1.184411	-9.367097	1.017772	-8.349324
1.443000	1.182979	-9.380191	1.030867	-8.349324
1.444000	1.181539	-9.393362	1.044037	-8.349325
1.445000	1.180089	-9.406608	1.057283	-8.349325
1.446000	1.178631	-9.419928	1.070603	-8.349325
1.447000	1.177163	-9.433320	1.083995	-8.349325
1.448000	1.175686	-9.446783	1.097458	-8.349325
1.449000	1.174200	-9.460314	1.110989	-8.349325
1.450000	1.172705	-9.473913	1.124588	-8.349325
1.451000	1.171200	-9.487577	1.138252	-8.349326
1.452000	1.169687	-9.501305	1.151979	-8.349326
1.453000	1.168165	-9.515093	1.165767	-8.349326
1.454000	1.166633	-9.528941	1.179615	-8.349326
1.455000	1.165093	-9.542845	1.193519	-8.349326
1.456000	1.163543	-9.556803	1.207477	-8.349326
1.457000	1.161985	-9.570813	1.221487	-8.349327
1.458000	1.160417	-9.584872	1.235545	-8.349327
1.459000	1.158841	-9.598977	1.249650	-8.349327
1.460000	1.157255	-9.613125	1.263798	-8.349327
1.461000	1.155661	-9.627313	1.277986	-8.349328
1.462000	1.154058	-9.641538	1.292210	-8.349328
1.463000	1.152446	-9.655796	1.306468	-8.349328
1.464000	1.150825	-9.670083	1.320755	-8.349328
1.465000	1.149195	-9.684396	1.335067	-8.349329
1.466000	1.147557	-9.698731	1.349402	-8.349329
1.467000	1.145910	-9.713083	1.363753	-8.349329
1.468000	1.144254	-9.727448	1.378118	-8.349330
1.469000	1.142589	-9.741822	1.392492	-8.349330
1.470000	1.140916	-9.756199	1.406869	-8.349331
1.471000	1.139234	-9.770576	1.421245	-8.349331
1.472000	1.137544	-9.784945	1.435614	-8.349331
1.473000	1.135845	-9.799303	1.449971	-8.349332
1.474000	1.134138	-9.813643	1.464311	-8.349332
1.475000	1.132423	-9.827959	1.478626	-8.349333
1.476000	1.130699	-9.842245	1.492912	-8.349333
1.477000	1.128967	-9.856495	1.507161	-8.349334
1.478000	1.127227	-9.870701	1.521367	-8.349334
1.479000	1.125478	-9.884857	1.535523	-8.349335
1.480000	1.123722	-9.898956	1.549620	-8.349335
1.481000	1.121957	-9.912989	1.563652	-8.349336
1.482000	1.120185	-9.926948	1.577611	-8.349337
1.483000	1.118405	-9.940825	1.591488	-8.349337
1.484000	1.116617	-9.954612	1.605274	-8.349338
1.485000	1.114821	-9.968300	1.618961	-8.349339
1.486000	1.113018	-9.981878	1.632538	-8.349340
1.487000	1.111207	-9.995337	1.645997	-8.349340
1.488000	1.109389	-10.008668	1.659326	-8.349341
1.489000	1.107564	-10.021859	1.672517	-8.349342
1.490000	1.105731	-10.034899	1.685556	-8.349343
1.491000	1.103892	-10.047777	1.698433	-8.349344
1.492000	1.102045	-10.060482	1.711137	-8.349345
1.493000	1.100192	-10.073000	1.723655	-8.349346
1.494000	1.098332	-10.085320	1.735973	-8.349347
1.495000	1.096465	-10.097428	1.748080	-8.349348
1.496000	1.094592	-10.109310	1.759961	-8.349349
1.497000	1.092713	-10.120952	1.771602	-8.349350
1.498000	1.090827	-10.132340	1.782989	-8.349351
1.499000	1.088936	-10.143459	1.794106	-8.349353
1.500000	1.087039	-10.154292	1.804938	-8.349354
1.501000	1.085136	-10.164823	1.815468	-8.349355
1.502000	1.083228	-10.175037	1.825681	-8.349356
1.503000	1.081314	-10.184915	1.835558	-8.349358
1.504000	1.079396	-10.194441	1.845081	-8.349359
1.505000	1.077472	-10.203594	1.854234	-8.349361
1.506000	1.075544	-10.212358	1.862996	-8.349362
1.507000	1.073612	-10.220712	1.871348	-8.349364
1.508000	1.071675	-10.228636	1.879270	-8.349366
1.509000	1.069734	-10.236110	1.886743	-8.349367
1.510000	1.067790	-10.243113	1.893744	-8.349369
1.511000	1.065842	-10.249623	1.900252	-8.349371
1.512000	1.063891	-10.255618	1.906246	-8.349373
1.513000	1.061937	-10.261076	1.911702	-8.349374
1.514000	1.059980	-10.265973	1.916597	-8.349376
1.515000	1.058021	-10.270286	1.920908	-8.349378
1.516000	1.056060	-10.273991	1.924610	-8.349380
1.517000	1.054097	-10.277062	1.927680	-8.349382
1.518000	1.052133	-10.279476	1.930091	-8.349384
1.519000	1.050168	-10.281206	1.931820	-8.349386
1.520000	1.048202	-10.282227	1.932839	-8.349389
1.521000	1.046236	-10.282514	1.933123	-8.349391
1.522000	1.044269	-10.282038	1.932645	-8.349393
1.523000	1.042304	-10.280775	1.931380	-8.349395
1.524000	1.040339	-10.278697	1.929300	-8.349398
1.525000	1.038375	-10.275778	1.926378	-8.349400
1.526000	1.036413	-10.271989	1.922587	-8.349402
1.527000	1.034453	-10.267306	1.917902	-8.349405
1.528000	1.032496	-10.261701	1.912294	-8.349407
1.529000	1.030542	-10.255147	1.905737	-8.349409
1.530000	1.028591	-10.247618	1.898206	-8.349411
1.531000	1.026645	-10.239088	1.889674	-8.349414
1.532000	1.024703	-10.229532	1.880116	-8.349416
1.533000	1.022767	-10.218925	1.869507	-8.349418
1.534000	1.020836	-10.207244	1.857823	-8.349421
1.535000	1.018911	-10.194465	1.845042	-8.349423
1.536000	1.016994	-10.180566	1.831141	-8.349425
1.537000	1.015084	-10.165526	1.816099	-8.349427
1.538000	1.013182	-10.149326	1.799897	-8.349429
1.539000	1.011289	-10.131949	1.782518	-8.349431
1.540000	1.009406	-10.113377	1.763945	-8.349432
1.541000	1.007533	-10.093597	1.744163	-8.349434
1.542000	1.005671	-10.072597	1.723161	-8.349436
1.543000	1.003820	-10.050367	1.700930	-8.349437
1.544000	1.001982	-10.026899	1.677461	-8.349438
1.545000	1.000157	-10.002189	1.652750	-8.349439
1.546000	0.998346	-9.976237	1.626797	-8.349440
1.547000	0.996549	-9.949042	1.599602	-8.349440
1.548000	0.994768	-9.920612	1.571171	-8.349441
1.549000	0.993004	-9.890954	1.541513	-8.349441
1.550000	0.991257	-9.860081	1.510641	-8.349441
1.551000	0.989528	-9.828012	1.478571	-8.349440
1.552000	0.987817	-9.794766	1.445326	-8.349440
1.553000	0.986127	-9.760370	1.410931	-8.349439
1.554000	0.984458	-9.724855	1.375418	-8.349437
1.555000	0.982810	-9.688257	1.338821	-8.349436
1.556000	0.981185	-9.650617	1.301184	-8.349434
1.557000	0.979584	-9.611982	1.262551	-8.349431
1.558000	0.978007	-9.572404	1.222975	-8.349428
1.559000	0.976456	-9.531940	1.182514	-8.349425
1.560000	0.974931	-9.490654	1.141232	-8.349422
1.561000	0.973434	-9.448616	1.099199	-8.349418
1.562000	0.971966	-9.405902	1.056488	-8.349414
1.563000	0.970527	-9.362592	1.013183	-8.349409
1.564000	0.969119	-9.318774	0.969370	-8.349404
1.565000	0.967742	-9.274540	0.925142	-8.349398
1.566000	0.966398	-9.229990	0.880598	-8.349392
1.567000	0.965088	-9.185228	0.835842	-8.349386
1.568000	0.963812	-9.140362	0.790983	-8.349379
1.569000	0.962572	-9.095508	0.746135	-8.349373
1.570000	0.961369	-9.050784	0.701419	-8.349365
1.571000	0.960204	-9.006314	0.656956	-8.349358
1.572000	0.959077	-8.962225	0.612875	-8.349350
1.573000	0.957989	-8.918647	0.569305	-8.349342
1.574000	0.956943	-8.875713	0.526379	-8.349334
1.575000	0.955937	-8.833559	0.484233	-8.349326
1.576000	0.954974	-8.792321	0.443003	-8.349318
1.577000	0.954055	-8.752137	0.402828	-8.349309
1.578000	0.953179	-8.713144	0.363843	-8.349301
1.579000	0.952349	-8.675479	0.326187	-8.349293
1.580000	0.951564	-8.639278	0.289993	-8.349284
1.581000	0.950825	-8.604672	0.255395	-8.349277
1.582000	0.950134	-8.571792	0.222523	-8.349269
1.583000	0.949491	-8.540762	0.191501	-8.349261
1.584000	0.948897	-8.511704	0.162450	-8.349254
1.585000	0.948351	-8.484732	0.135484	-8.349248
1.586000	0.947856	-8.459953	0.110711	-8.349241
1.587000	0.947410	-8.437468	0.088232	-8.349236
1.588000	0.947015	-8.417369	0.068139	-8.349230
1.589000	0.946672	-8.399740	0.050514	-8.349226
1.590000	0.946380	-8.384655	0.035433	-8.349222
1.591000	0.946139	-8.372176	0.022957	-8.349219
1.592000	0.945951	-8.362358	0.013142	-8.349216
1.593000	0.945815	-8.355241	0.006027	-8.349214
1.594000	0.945732	-8.350857	0.001644	-8.349213
1.595000	0.945700	-8.349224	0.000012	-8.349212
1.596000	0.945722	-8.350350	0.001137	-8.349213
1.597000	0.945796	-8.354229	0.005015	-8.349214
1.598000	0.945922	-8.360845	0.011629	-8.349216
1.599000	0.946101	-8.370169	0.020951	-8.349218
1.600000	0.946332	-8.382162	0.032940	-8.349221
1.601000	0.946614	-8.396772	0.047547	-8.349225
1.602000	0.946948	-8.413938	0.064709	-8.349230
1.603000	0.947334	-8.433589	0.084354	-8.349235
1.604000	0.947770	-8.455641	0.106401	-8.349240
1.605000	0.948256	-8.480006	0.130759	-8.349246
1.606000	0.948793	-8.506582	0.157329	-8.349253
1.607000	0.949378	-8.535265	0.186005	-8.349260
1.608000	0.950012	-8.565941	0.216674	-8.349267
1.609000	0.950695	-8.598490	0.249215	-8.349275
1.610000	0.951424	-8.632788	0.283505	-8.349283
1.611000	0.952201	-8.668706	0.319415	-8.349291
1.612000	0.953023	-8.706112	0.356812	-8.349299
1.613000	0.953890	-8.744870	0.395563	-8.349308
1.614000	0.954802	-8.784846	0.435530	-8.349316
1.615000	0.955757	-8.825900	0.476576	-8.349324
1.616000	0.956755	-8.867896	0.518563	-8.349333
1.617000	0.957794	-8.910697	0.561356	-8.349341
1.618000	0.958874	-8.954166	0.604818	-8.349349
1.619000	0.959993	-8.998171	0.648815	-8.349356
1.620000	0.961152	-9.042581	0.693217	-8.349364
1.621000	0.962348	-9.087267	0.737896	-8.349371
1.622000	0.963582	-9.132107	0.782728	-8.349378
1.623000	0.964851	-9.176979	0.827594	-8.349385
1.624000	0.966155	-9.221769	0.872377	-8.349391
1.625000	0.967492	-9.266366	0.916969	-8.349397
1.626000	0.968863	-9.310665	0.961262	-8.349403
1.627000	0.970266	-9.354567	1.005159	-8.349408
1.628000	0.971699	-9.397977	1.048564	-8.349413
1.629000	0.973162	-9.440807	1.091390	-8.349417
1.630000	0.974654	-9.482975	1.133554	-8.349421
1.631000	0.976173	-9.524405	1.174980	-8.349425
1.632000	0.977720	-9.565025	1.215597	-8.349428
1.633000	0.979292	-9.604770	1.255340	-8.349431
1.634000	0.980889	-9.643583	1.294150	-8.349433
1.635000	0.982509	-9.681410	1.331975	-8.349435
1.636000	0.984153	-9.718203	1.368766	-8.349437
1.637000	0.985818	-9.753920	1.404481	-8.349438
1.638000	0.987505	-9.788524	1.439084	-8.349440
1.639000	0.989211	-9.821983	1.472543	-8.349440
1.640000	0.990937	-9.854271	1.504831	-8.349441
1.641000	0.992681	-9.885365	1.535924	-8.349441
1.642000	0.994443	-9.915248	1.565807	-8.349441
1.643000	0.996220	-9.943905	1.594464	-8.349441
1.644000	0.998014	-9.971327	1.621887	-8.349440
1.645000	0.999823	-9.997509	1.648069	-8.349439
1.646000	1.001645	-10.022447	1.673009	-8.349438
1.647000	1.003481	-10.046143	1.696706	-8.349437
1.648000	1.005329	-10.068600	1.719164	-8.349436
1.649000	1.007190	-10.089826	1.740392	-8.349434
1.650000	1.009061	-10.109830	1.760397	-8.349433
1.651000	1.010942	-10.128622	1.779191	-8.349431
1.652000	1.012833	-10.146218	1.796789	-8.349429
1.653000	1.014734	-10.162634	1.813206	-8.349427
1.654000	1.016642	-10.177885	1.828460	-8.349425
1.655000	1.018558	-10.191992	1.842569	-8.349423
1.656000	1.020481	-10.204976	1.855555	-8.349421
1.657000	1.022411	-10.216858	1.867439	-8.349419
1.658000	1.024347	-10.227660	1.878244	-8.349416
1.659000	1.026287	-10.237408	1.887993	-8.349414
1.660000	1.028233	-10.246124	1.896712	-8.349412
1.661000	1.030183	-10.253835	1.904426	-8.349410
1.662000	1.032136	-10.260567	1.911160	-8.349407
1.663000	1.034093	-10.266345	1.916940	-8.349405
1.664000	1.036052	-10.271196	1.921793	-8.349403
1.665000	1.038014	-10.275147	1.925746	-8.349400
1.666000	1.039977	-10.278224	1.928826	-8.349398
1.667000	1.041942	-10.280455	1.931059	-8.349396
1.668000	1.043908	-10.281866	1.932472	-8.349393
1.669000	1.045874	-10.282484	1.933093	-8.349391
1.670000	1.047840	-10.282336	1.932947	-8.349389
1.671000	1.049806	-10.281448	1.932061	-8.349387
1.672000	1.051772	-10.279846	1.930461	-8.349385
1.673000	1.053736	-10.277556	1.928174	-8.349383
1.674000	1.055699	-10.274604	1.925223	-8.349381
1.675000	1.057661	-10.271014	1.921635	-8.349379
1.676000	1.059620	-10.266811	1.917435	-8.349377
1.677000	1.061577	-10.262020	1.912645	-8.349375
1.678000	1.063532	-10.256663	1.907290	-8.349373
1.679000	1.065483	-10.250765	1.901394	-8.349371
1.680000	1.067432	-10.244348	1.894979	-8.349369
1.681000	1.069377	-10.237434	1.888067	-8.349368
1.682000	1.071318	-10.230045	1.880679	-8.349366
1.683000	1.073256	-10.222202	1.872838	-8.349364
1.684000	1.075189	-10.213926	1.864563	-8.349363
1.685000	1.077118	-10.205236	1.855875	-8.349361
1.686000	1.079042	-10.196153	1.846793	-8.349360
1.687000	1.080962	-10.186695	1.837336	-8.349358
1.688000	1.082876	-10.176880	1.827523	-8.349357
1.689000	1.084785	-10.166727	1.817371	-8.349355
1.690000	1.086689	-10.156252	1.806898	-8.349354
1.691000	1.088587	-10.145473	1.796121	-8.349353
1.692000	1.090480	-10.134406	1.785055	-8.349352
1.693000	1.092366	-10.123067	1.773716	-8.349350
1.694000	1.094247	-10.111470	1.762121	-8.349349
1.695000	1.096121	-10.099631	1.750283	-8.349348
1.696000	1.097989	-10.087564	1.738217	-8.349347
1.697000	1.099850	-10.075282	1.725936	-8.349346
1.698000	1.101705	-10.062799	1.713454	-8.349345
1.699000	1.103552	-10.050128	1.700784	-8.349344
1.700000	1.105393	-10.037280	1.687937	-8.349343
1.701000	1.107227	-10.024269	1.674927	-8.349342
1.702000	1.109054	-10.011105	1.661764	-8.349341
1.703000	1.110873	-9.997799	1.648459	-8.349341
1.704000	1.112685	-9.984363	1.635023	-8.349340
1.705000	1.114490	-9.970806	1.621467	-8.349339
1.706000	1.116287	-9.957138	1.607800	-8.349338
1.707000	1.118076	-9.943369	1.594031	-8.349338
1.708000	1.119858	-9.929507	1.580170	-8.349337
1.709000	1.121632	-9.915562	1.566226	-8.349336
1.710000	1.123398	-9.901542	1.552207	-8.349336
1.711000	1.125156	-9.887455	1.538120	-8.349335
1.712000	1.126906	-9.873310	1.523975	-8.349334
1.713000	1.128647	-9.859112	1.509778	-8.349334
1.714000	1.130381	-9.844870	1.495536	-8.349333
1.715000	1.132106	-9.830589	1.481257	-8.349333
1.716000	1.133823	-9.816278	1.466946	-8.349332
1.717000	1.135532	-9.801942	1.452610	-8.349332
1.718000	1.137232	-9.787587	1.438256	-8.349331
1.719000	1.138924	-9.773220	1.423889	-8.349331
1.720000	1.140607	-9.758844	1.409514	-8.349331
1.721000	1.142282	-9.744467	1.395136	-8.349330
1.722000	1.143948	-9.730092	1.380762	-8.349330
1.723000	1.145606	-9.715725	1.366395	-8.349329
1.724000	1.147254	-9.701370	1.352040	-8.349329
1.725000	1.148894	-9.687031	1.337703	-8.349329
1.726000	1.150526	-9.672714	1.323386	-8.349329
1.727000	1.152148	-9.658422	1.309094	-8.349328
1.728000	1.153762	-9.644159	1.294831	-8.349328
1.729000	1.155367	-9.629928	1.280600	-8.349328
1.730000	1.156963	-9.615733	1.266405	-8.349327
1.731000	1.158550	-9.601577	1.252250	-8.349327
1.732000	1.160128	-9.587464	1.238137	-8.349327
1.733000	1.161697	-9.573396	1.224069	-8.349327
1.734000	1.163257	-9.559377	1.210050	-8.349326
1.735000	1.164808	-9.545409	1.196082	-8.349326
1.736000	1.166350	-9.531494	1.182168	-8.349326
1.737000	1.167883	-9.517636	1.168310	-8.349326
1.738000	1.169408	-9.503836	1.154511	-8.349326
1.739000	1.170923	-9.490098	1.140772	-8.349326
1.740000	1.172429	-9.476422	1.127096	-8.349325
1.741000	1.173925	-9.462811	1.113486	-8.349325
1.742000	1.175413	-9.449267	1.099942	-8.349325
1.743000	1.176892	-9.435791	1.086466	-8.349325
1.744000	1.178361	-9.422386	1.073061	-8.349325
1.745000	1.179822	-9.409053	1.059728	-8.349325
1.746000	1.181273	-9.395793	1.046468	-8.349325
1.747000	1.182715	-9.382608	1.033284	-8.349325
1.748000	1.184148	-9.369500	1.020175	-8.349324
1.749000	1.185572	-9.356468	1.007144	-8.349324
1.750000	1.186987	-9.343516	0.994192	-8.349324
1.751000	1.188392	-9.330643	0.981319	-8.349324
1.752000	1.189788	-9.317852	0.968528	-8.349324
1.753000	1.191176	-9.305142	0.955818	-8.349324
1.754000	1.192554	-9.292515	0.943191	-8.349324
1.755000	1.193923	-9.279971	0.930647	-8.349324
1.756000	1.195282	-9.267512	0.918189	-8.349324
1.757000	1.196633	-9.255139	0.905815	-8.349324
1.758000	1.197974	-9.242851	0.893527	-8.349324
1.759000	1.199306	-9.230649	0.881326	-8.349324
1.760000	1.200630	-9.218535	0.869211	-8.349324
1.761000	1.201943	-9.206508	0.857185	-8.349324
1.762000	1.203248	-9.194570	0.845246	-8.349323
1.763000	1.204544	-9.182720	0.833397	-8.349323
1.764000	1.205830	-9.170959	0.821636	-8.349323
1.765000	1.207108	-9.159288	0.809965	-8.349323
1.766000	1.208376	-9.147706	0.798383	-8.349323
1.767000	1.209635	-9.136215	0.786891	-8.349323
1.768000	1.210885	-9.124813	0.775490	-8.349323
1.769000	1.212126	-9.113503	0.764180	-8.349323
1.770000	1.213357	-9.102283	0.752960	-8.349323
1.771000	1.214580	-9.091154	0.741831	-8.349323
1.772000	1.215793	-9.080116	0.730793	-8.349323
1.773000	1.216998	-9.069169	0.719846	-8.349323
1.774000	1.218193	-9.058314	0.708991	-8.349323
1.775000	1.219379	-9.047550	0.698227	-8.349323
1.776000	1.220557	-9.036878	0.687554	-8.349323
1.777000	1.221725	-9.026297	0.676973	-8.349323
1.778000	1.222884	-9.015807	0.666484	-8.349323
1.779000	1.224034	-9.005409	0.656086	-8.349323
1.780000	1.225175	-8.995102	0.645779	-8.349323
1.781000	1.226307	-8.984887	0.635564	-8.349323
1.782000	1.227430	-8.974763	0.625440	-8.349323
1.783000	1.228544	-8.964730	0.615407	-8.349323
1.784000	1.229649	-8.954788	0.605465	-8.349323
1.785000	1.230745	-8.944937	0.595614	-8.349323
1.786000	1.231831	-8.935178	0.585854	-8.349323
1.787000	1.232909	-8.925508	0.576185	-8.349323
1.788000	1.233978	-8.915930	0.566607	-8.349323
1.789000	1.235038	-8.906442	0.557119	-8.349323
1.790000	1.236090	-8.897044	0.547721	-8.349323
1.791000	1.237132	-8.887736	0.538413	-8.349323
1.792000	1.238165	-8.878518	0.529195	-8.349323
1.793000	1.239189	-8.869390	0.520067	-8.349323
1.794000	1.240205	-8.860351	0.511028	-8.349323
1.795000	1.241211	-8.851401	0.502078	-8.349323
1.796000	1.242209	-8.842541	0.493218	-8.349323
1.797000	1.243198	-8.833769	0.484446	-8.349323
1.798000	1.244178	-8.825086	0.475762	-8.349323
1.799000	1.245149	-8.816491	0.467167	-8.349323
1.800000	1.246111	-8.807984	0.458660	-8.349323
1.801000	1.247064	-8.799564	0.450241	-8.349323
1.802000	1.248009	-8.791233	0.441909	-8.349323
1.803000	1.248944	-8.782988	0.433665	-8.349323
1.804000	1.249871	-8.774831	0.425507	-8.349323
1.805000	1.250789	-8.766760	0.417437	-8.349323
1.806000	1.251699	-8.758776	0.409452	-8.349323
1.807000	1.252599	-8.750877	0.401554	-8.349323
1.808000	1.253491	-8.743065	0.393742	-8.349323
1.809000	1.254374	-8.735338	0.386015	-8.349323
1.810000	1.255248	-8.727697	0.378373	-8.349323
1.811000	1.256114	-8.720140	0.370817	-8.349323
1.812000	1.256971	-8.712668	0.363345	-8.349324
1.813000	1.257819	-8.705281	0.355957	-8.349324
1.814000	1.258658	-8.697978	0.348654	-8.349324
1.815000	1.259489	-8.690758	0.341435	-8.349324
1.816000	1.260311	-8.683622	0.334299	-8.349324
1.817000	1.261124	-8.676570	0.327246	-8.349324
1.818000	1.261929	-8.669600	0.320276	-8.349324
1.819000	1.262725	-8.662713	0.313389	-8.349324
1.820000	1.263512	-8.655908	0.306585	-8.349324
1.821000	1.264291	-8.649186	0.299862	-8.349324
1.822000	1.265061	-8.642545	0.293221	-8.349324
1.823000	1.265823	-8.635986	0.286662	-8.349324
1.824000	1.266575	-8.629507	0.280184	-8.349324
1.825000	1.267320	-8.623110	0.273786	-8.349324
1.826000	1.268055	-8.616794	0.267470	-8.349324
1.827000	1.268783	-8.610557	0.261233	-8.349324
1.828000	1.269501	-8.604401	0.255077	-8.349324
1.829000	1.270211	-8.598324	0.249001	-8.349324
1.830000	1.270912	-8.592327	0.243003	-8.349324
1.831000	1.271605	-8.586409	0.237086	-8.349324
1.832000	1.272290	-8.580570	0.231247	-8.349324
1.833000	1.272965	-8.574810	0.225486	-8.349324
1.834000	1.273633	-8.569128	0.219804	-8.349324
1.835000	1.274292	-8.563524	0.214200	-8.349324
1.836000	1.274942	-8.557998	0.208674	-8.349324
1.837000	1.275584	-8.552549	0.203225	-8.349324
1.838000	1.276217	-8.547178	0.197854	-8.349324
1.839000	1.276842	-8.541884	0.192560	-8.349324
1.840000	1.277458	-8.536666	0.187342	-8.349324
1.841000	1.278066	-8.531525	0.182201	-8.349324
1.842000	1.278665	-8.526460	0.177136	-8.349324
1.843000	1.279256	-8.521471	0.172147	-8.349324
1.844000	1.279839	-8.516558	0.167234	-8.349324
1.845000	1.280413	-8.511720	0.162396	-8.349324
1.846000	1.280979	-8.506958	0.157634	-8.349324
1.847000	1.281536	-8.502270	0.152946	-8.349324
1.848000	1.282085	-8.497657	0.148333	-8.349324
1.849000	1.282625	-8.493119	0.143795	-8.349324
1.850000	1.283157	-8.488655	0.139331	-8.349324
1.851000	1.283681	-8.484265	0.134941	-8.349324
1.852000	1.284196	-8.479949	0.130625	-8.349324
1.853000	1.284703	-8.475706	0.126382	-8.349324
1.854000	1.285202	-8.471537	0.122213	-8.349324
1.855000	1.285692	-8.467441	0.118117	-8.349324
1.856000	1.286174	-8.463418	0.114093	-8.349324
1.857000	1.286647	-8.459467	0.110143	-8.349324
1.858000	1.287113	-8.455589	0.106265	-8.349324
1.859000	1.287569	-8.451784	0.102459	-8.349324
1.860000	1.288018	-8.448050	0.098726	-8.349324
1.861000	1.288458	-8.444389	0.095064	-8.349324
1.862000	1.288890	-8.440799	0.091474	-8.349324
1.863000	1.289314	-8.437280	0.087956	-8.349324
1.864000	1.289729	-8.433833	0.084509	-8.349324
1.865000	1.290136	-8.430457	0.081133	-8.349324
1.866000	1.290535	-8.427152	0.077828	-8.349324
1.867000	1.290925	-8.423918	0.074594	-8.349324
1.868000	1.291307	-8.420755	0.071430	-8.349324
1.869000	1.291681	-8.417662	0.068337	-8.349324
1.870000	1.292046	-8.414639	0.065314	-8.349324
1.871000	1.292404	-8.411686	0.062362	-8.349324
1.872000	1.292753	-8.408803	0.059479	-8.349324
1.873000	1.293094	-8.405990	0.056666	-8.349324
1.874000	1.293426	-8.403247	0.053923	-8.349324
1.875000	1.293750	-8.400573	0.051249	-8.349324
1.876000	1.294066	-8.397969	0.048645	-8.349324
1.877000	1.294374	-8.395434	0.046109	-8.349324
1.878000	1.294674	-8.392968	0.043643	-8.349324
1.879000	1.294965	-8.390570	0.041246	-8.349324
1.880000	1.295248	-8.388242	0.038918	-8.349324
1.881000	1.295523	-8.385982	0.036658	-8.349324
1.882000	1.295790	-8.383791	0.034467	-8.349324
1.883000	1.296048	-8.381668	0.032344	-8.349324
1.884000	1.296298	-8.379614	0.030290	-8.349325
1.885000	1.296540	-8.377628	0.028303	-8.349325
1.886000	1.296774	-8.375710	0.026385	-8.349325
1.887000	1.297000	-8.373860	0.024535	-8.349325
1.888000	1.297217	-8.372077	0.022753	-8.349325
1.889000	1.297426	-8.370363	0.021039	-8.349325
1.890000	1.297627	-8.368716	0.019392	-8.349325
1.891000	1.297820	-8.367137	0.017813	-8.349325
1.892000	1.298005	-8.365626	0.016301	-8.349325
1.893000	1.298181	-8.364182	0.014857	-8.349325
1.894000	1.298350	-8.362805	0.013480	-8.349325
1.895000	1.298510	-8.361495	0.012171	-8.349325
1.896000	1.298662	-8.360253	0.010928	-8.349325
1.897000	1.298806	-8.359078	0.009753	-8.349325
1.898000	1.298941	-8.357970	0.008645	-8.349325
1.899000	1.299069	-8.356929	0.007604	-8.349325
1.900000	1.299188	-8.355955	0.006630	-8.349325
1.901000	1.299299	-8.355048	0.005723	-8.349325
1.902000	1.299402	-8.354207	0.004883	-8.349325
1.903000	1.299496	-8.353434	0.004109	-8.349325
1.904000	1.299583	-8.352727	0.003402	-8.349325
1.905000	1.299661	-8.352087	0.002762	-8.349325
1.906000	1.299732	-8.351514	0.002189	-8.349325
1.907000	1.299794	-8.351007	0.001682	-8.349325
1.908000	1.299848	-8.350567	0.001242	-8.349325
1.909000	1.299893	-8.350194	0.000869	-8.349325
1.910000	1.299931	-8.349887	0.000562	-8.349325
1.911000	1.299961	-8.349646	0.000322	-8.349325
1.912000	1.299982	-8.349473	0.000148	-8.349325
1.913000	1.299995	-8.349366	0.000041	-8.349325
1.914000	1.300000	-8.349325	0.000000	-8.349325
1.915000	1.299997	-8.349351	0.000026	-8.349325
1.916000	1.299985	-8.349443	0.000119	-8.349325
1.917000	1.299966	-8.349602	0.000278	-8.349325
1.918000	1.299938	-8.349828	0.000503	-8.349325
1.919000	1.299902	-8.350120	0.000796	-8.349325
1.920000	1.299859	-8.350479	0.001154	-8.349325
1.921000	1.299806	-8.350904	0.001580	-8.349325
1.922000	1.299746	-8.351396	0.002071	-8.349325
1.923000	1.299678	-8.351955	0.002630	-8.349325
1.924000	1.299601	-8.352580	0.003255	-8.349325
1.925000	1.299516	-8.353272	0.003947	-8.349325
1.926000	1.299423	-8.354031	0.004706	-8.349325
1.927000	1.299322	-8.354856	0.005532	-8.349325
1.928000	1.299213	-8.355749	0.006424	-8.349325
1.929000	1.299096	-8.356708	0.007383	-8.349325
1.930000	1.298970	-8.357734	0.008410	-8.349325
1.931000	1.298836	-8.358828	0.009503	-8.349325
1.932000	1.298694	-8.359988	0.010663	-8.349325
1.933000	1.298544	-8.361215	0.011891	-8.349325
1.934000	1.298386	-8.362510	0.013185	-8.349325
1.935000	1.298219	-8.363872	0.014547	-8.349325
1.936000	1.298045	-8.365301	0.015977	-8.349325
1.937000	1.297862	-8.366798	0.017473	-8.349325
1.938000	1.297671	-8.368362	0.019037	-8.349325
1.939000	1.297472	-8.369994	0.020669	-8.349325
1.940000	1.297264	-8.371693	0.022369	-8.349325
1.941000	1.297049	-8.373460	0.024136	-8.349325
1.942000	1.296825	-8.375296	0.025971	-8.349325
1.943000	1.296593	-8.377199	0.027874	-8.349325
1.944000	1.296352	-8.379170	0.029845	-8.349325
1.945000	1.296104	-8.381209	0.031885	-8.349324
1.946000	1.295847	-8.383317	0.033992	-8.349324
1.947000	1.295583	-8.385493	0.036168	-8.349324
1.948000	1.295310	-8.387737	0.038413	-8.349324
1.949000	1.295028	-8.390051	0.040726	-8.349324
1.950000	1.294739	-8.392433	0.043108	-8.349324
1.951000	1.294441	-8.394883	0.045559	-8.349324
1.952000	1.294135	-8.397403	0.048079	-8.349324
1.953000	1.293821	-8.399993	0.050668	-8.349324
1.954000	1.293498	-8.402651	0.053327	-8.349324
1.955000	1.293168	-8.405379	0.056055	-8.349324
1.956000	1.292829	-8.408176	0.058852	-8.349324
1.957000	1.292481	-8.411044	0.061719	-8.349324
1.958000	1.292126	-8.413981	0.064657	-8.349324
1.959000	1.291762	-8.416988	0.067664	-8.349324
1.960000	1.291390	-8.420066	0.070742	-8.349324
1.961000	1.291010	-8.423214	0.073889	-8.349324
1.962000	1.290621	-8.426432	0.077108	-8.349324
1.963000	1.290225	-8.429722	0.080397	-8.349324
1.964000	1.289819	-8.433082	0.083758	-8.349324
1.965000	1.289406	-8.436513	0.087189	-8.349324
1.966000	1.288984	-8.440016	0.090692	-8.349324
1.967000	1.288554	-8.443590	0.094266	-8.349324
1.968000	1.288116	-8.447236	0.097911	-8.349324
1.969000	1.287669	-8.450953	0.101629	-8.349324
1.970000	1.287214	-8.454743	0.105419	-8.349324
1.971000	1.286751	-8.458605	0.109281	-8.349324
1.972000	1.286279	-8.462539	0.113215	-8.349324
1.973000	1.285799	-8.466546	0.117222	-8.349324
1.974000	1.285311	-8.470626	0.121302	-8.349324
1.975000	1.284814	-8.474780	0.125455	-8.349324
1.976000	1.284309	-8.479006	0.129682	-8.349324
1.977000	1.283796	-8.483306	0.133982	-8.349324
1.978000	1.283274	-8.487680	0.138355	-8.349324
1.979000	1.282743	-8.492127	0.142803	-8.349324
1.980000	1.282205	-8.496649	0.147325	-8.349324
1.981000	1.281658	-8.501245	0.151921	-8.349324
1.982000	1.281102	-8.505916	0.156592	-8.349324
1.983000	1.280539	-8.510662	0.161338	-8.349324
1.984000	1.279966	-8.515484	0.166159	-8.349324
1.985000	1.279386	-8.520380	0.171056	-8.349324
1.986000	1.278797	-8.525352	0.176028	-8.349324
1.987000	1.278199	-8.530400	0.181076	-8.349324
1.988000	1.277593	-8.535525	0.186201	-8.349324
1.989000	1.276978	-8.540725	0.191401	-8.349324
1.990000	1.276355	-8.546003	0.196679	-8.349324
1.991000	1.275724	-8.551357	0.202033	-8.349324
1.992000	1.275084	-8.556789	0.207465	-8.349324
1.993000	1.274436	-8.562298	0.212974	-8.349324
1.994000	1.273779	-8.567884	0.218560	-8.349324
1.995000	1.273113	-8.573549	0.224225	-8.349324
1.996000	1.272440	-8.579292	0.229968	-8.349324
1.997000	1.271757	-8.585114	0.235790	-8.349324
1.998000	1.271066	-8.591014	0.241690	-8.349324
1.999000	1.270367	-8.596994	0.247670	-8.349324
