0.000000	-2.615527	5.990527	3.375000
0.001000	-2.606130	5.981132	3.375001
0.002000	-2.596811	5.971813	3.375001
0.003000	-2.587568	5.962570	3.375002
0.004000	-2.578400	5.953402	3.375002
0.005000	-2.569307	5.944309	3.375002
0.006000	-2.560289	5.935291	3.375002
0.007000	-2.551344	5.926346	3.375002
0.008000	-2.542474	5.917475	3.375001
0.009000	-2.533675	5.908677	3.375002
0.010000	-2.524949	5.899951	3.375002
0.011000	-2.516295	5.891297	3.375002
0.012000	-2.507713	5.882715	3.375002
0.013000	-2.499201	5.874203	3.375002
0.014000	-2.490759	5.865761	3.375002
0.015000	-2.482387	5.857389	3.375002
0.016000	-2.474084	5.849086	3.375002
0.017000	-2.465850	5.840852	3.375002
0.018000	-2.457684	5.832686	3.375003
0.019000	-2.449586	5.824587	3.375001
0.020000	-2.441554	5.816557	3.375003
0.021000	-2.433590	5.808592	3.375001
0.022000	-2.425692	5.800694	3.375002
0.023000	-2.417859	5.792861	3.375002
0.024000	-2.410091	5.785093	3.375002
0.025000	-2.402388	5.777390	3.375002
0.026000	-2.394749	5.769751	3.375002
0.027000	-2.387174	5.762176	3.375002
0.028000	-2.379663	5.754664	3.375001
0.029000	-2.372213	5.747215	3.375002
0.030000	-2.364826	5.739827	3.375001
0.031000	-2.357502	5.732502	3.375000
0.032000	-2.350237	5.725238	3.375000
0.033000	-2.343034	5.718035	3.375001
0.034000	-2.335892	5.710893	3.375001
0.035000	-2.328809	5.703809	3.375000
0.036000	-2.321786	5.696786	3.375000
0.037000	-2.314823	5.689822	3.374999
0.038000	-2.307917	5.682917	3.375000
0.039000	-2.301069	5.676069	3.375000
0.040000	-2.294280	5.669280	3.374999
0.041000	-2.287548	5.662547	3.375000
0.042000	-2.280872	5.655872	3.375000
0.043000	-2.274254	5.649253	3.375000
0.044000	-2.267691	5.642691	3.375000
0.045000	-2.261184	5.636184	3.375000
0.046000	-2.254732	5.629733	3.375000
0.047000	-2.248335	5.623335	3.375000
0.048000	-2.241992	5.616993	3.375001
0.049000	-2.235705	5.610705	3.375000
0.050000	-2.229471	5.604471	3.375000
0.051000	-2.223290	5.598290	3.375000
0.052000	-2.217162	5.592162	3.375000
0.053000	-2.211087	5.586087	3.375000
0.054000	-2.205064	5.580063	3.374999
0.055000	-2.199093	5.574092	3.375000
0.056000	-2.193173	5.568173	3.375000
0.057000	-2.187305	5.562304	3.374999
0.058000	-2.181488	5.556487	3.374999
0.059000	-2.175721	5.550720	3.374998
0.060000	-2.170005	5.545003	3.374998
0.061000	-2.164338	5.539337	3.374998
0.062000	-2.158722	5.533719	3.374997
0.063000	-2.153154	5.528151	3.374997
0.064000	-2.147635	5.522633	3.374998
0.065000	-2.142165	5.517162	3.374998
0.066000	-2.136743	5.511740	3.374997
0.067000	-2.131369	5.506366	3.374997
0.068000	-2.126042	5.501039	3.374997
0.069000	-2.120764	5.495761	3.374997
0.070000	-2.115532	5.490529	3.374997
0.071000	-2.110347	5.485344	3.374997
0.072000	-2.105208	5.480207	3.374999
0.073000	-2.100117	5.475115	3.374998
0.074000	-2.095071	5.470070	3.374999
0.075000	-2.090071	5.465070	3.374998
0.076000	-2.085117	5.460116	3.374999
0.077000	-2.080208	5.455207	3.374999
0.078000	-2.075344	5.450343	3.374999
0.079000	-2.070525	5.445524	3.374999
0.080000	-2.065751	5.440750	3.374999
0.081000	-2.061021	5.436020	3.374999
0.082000	-2.056336	5.431334	3.374999
0.083000	-2.051694	5.426692	3.374998
0.084000	-2.047096	5.422094	3.374998
0.085000	-2.042542	5.417540	3.374998
0.086000	-2.038030	5.413028	3.374998
0.087000	-2.033562	5.408559	3.374998
0.088000	-2.029136	5.404133	3.374997
0.089000	-2.024753	5.399750	3.374997
0.090000	-2.020412	5.395410	3.374997
0.091000	-2.016114	5.391111	3.374997
0.092000	-2.011858	5.386855	3.374997
0.093000	-2.007643	5.382640	3.374997
0.094000	-2.003471	5.378468	3.374997
0.095000	-1.999339	5.374337	3.374997
0.096000	-1.995249	5.370246	3.374997
0.097000	-1.991201	5.366198	3.374997
0.098000	-1.987193	5.362190	3.374996
0.099000	-1.983226	5.358223	3.374997
0.100000	-1.979300	5.354296	3.374996
0.101000	-1.975414	5.350410	3.374996
0.102000	-1.971569	5.346566	3.374997
0.103000	-1.967764	5.342760	3.374996
0.104000	-1.963999	5.338995	3.374996
0.105000	-1.960273	5.335270	3.374997
0.106000	-1.956588	5.331585	3.374997
0.107000	-1.952942	5.327940	3.374997
0.108000	-1.949336	5.324334	3.374998
0.109000	-1.945770	5.320767	3.374998
0.110000	-1.942242	5.317240	3.374997
0.111000	-1.938754	5.313752	3.374998
0.112000	-1.935305	5.310302	3.374997
0.113000	-1.931894	5.306892	3.374998
0.114000	-1.928523	5.303521	3.374998
0.115000	-1.925190	5.300189	3.374998
0.116000	-1.921897	5.296895	3.374998
0.117000	-1.918641	5.293638	3.374997
0.118000	-1.915424	5.290421	3.374998
0.119000	-1.912245	5.287243	3.374998
0.120000	-1.909104	5.284101	3.374998
0.121000	-1.906001	5.280999	3.374998
0.122000	-1.902936	5.277935	3.374998
0.123000	-1.899910	5.274908	3.374998
0.124000	-1.896921	5.271919	3.374998
0.125000	-1.893970	5.268968	3.374998
0.126000	-1.891057	5.266055	3.374998
0.127000	-1.888181	5.263178	3.374998
0.128000	-1.885342	5.260340	3.374998
0.129000	-1.882542	5.257540	3.374998
0.130000	-1.879778	5.254776	3.374998
0.131000	-1.877052	5.252049	3.374998
0.132000	-1.874364	5.249361	3.374997
0.133000	-1.871712	5.246709	3.374998
0.134000	-1.869097	5.244094	3.374997
0.135000	-1.866519	5.241516	3.374997
0.136000	-1.863978	5.238975	3.374997
0.137000	-1.861475	5.236472	3.374997
0.138000	-1.859007	5.234004	3.374997
0.139000	-1.856577	5.231574	3.374997
0.140000	-1.854184	5.229181	3.374997
0.141000	-1.851826	5.226824	3.374998
0.142000	-1.849506	5.224504	3.374998
0.143000	-1.847223	5.222220	3.374998
0.144000	-1.844976	5.219973	3.374997
0.145000	-1.842765	5.217763	3.374998
0.146000	-1.840591	5.215589	3.374998
0.147000	-1.838453	5.213451	3.374998
0.148000	-1.836352	5.211349	3.374998
0.149000	-1.834286	5.209284	3.374998
0.150000	-1.832257	5.207255	3.374998
0.151000	-1.830264	5.205262	3.374998
0.152000	-1.828307	5.203305	3.374999
0.153000	-1.826386	5.201385	3.374999
0.154000	-1.824502	5.199501	3.374999
0.155000	-1.822653	5.197652	3.374999
0.156000	-1.820840	5.195839	3.375000
0.157000	-1.819062	5.194062	3.374999
0.158000	-1.817322	5.192320	3.374999
0.159000	-1.815616	5.190616	3.374999
0.160000	-1.813947	5.188946	3.375000
0.161000	-1.812313	5.187312	3.374999
0.162000	-1.810714	5.185714	3.375000
0.163000	-1.809151	5.184151	3.375000
0.164000	-1.807624	5.182624	3.375000
0.165000	-1.806133	5.181132	3.375000
0.166000	-1.804676	5.179676	3.374999
0.167000	-1.803255	5.178255	3.375000
0.168000	-1.801869	5.176868	3.374999
0.169000	-1.800519	5.175518	3.375000
0.170000	-1.799203	5.174202	3.374999
0.171000	-1.797923	5.172922	3.374999
0.172000	-1.796677	5.171676	3.374999
0.173000	-1.795466	5.170465	3.374999
0.174000	-1.794290	5.169289	3.374998
0.175000	-1.793149	5.168147	3.374998
0.176000	-1.792042	5.167040	3.374998
0.177000	-1.790970	5.165969	3.374999
0.178000	-1.789931	5.164930	3.374999
0.179000	-1.788928	5.163927	3.374999
0.180000	-1.787958	5.162957	3.374999
0.181000	-1.787023	5.162022	3.374999
0.182000	-1.786121	5.161120	3.374999
0.183000	-1.785253	5.160253	3.375000
0.184000	-1.784419	5.159418	3.374999
0.185000	-1.783618	5.158617	3.374999
0.186000	-1.782851	5.157851	3.375000
0.187000	-1.782117	5.157117	3.375000
0.188000	-1.781416	5.156416	3.375000
0.189000	-1.780748	5.155748	3.375000
0.190000	-1.780112	5.155113	3.375000
0.191000	-1.779510	5.154510	3.375000
0.192000	-1.778939	5.153940	3.375000
0.193000	-1.778401	5.153401	3.375000
0.194000	-1.777895	5.152894	3.375000
0.195000	-1.777420	5.152420	3.375000
0.196000	-1.776976	5.151977	3.375000
0.197000	-1.776564	5.151564	3.375000
0.198000	-1.776183	5.151183	3.375000
0.199000	-1.775832	5.150832	3.375000
0.200000	-1.775512	5.150512	3.375000
0.201000	-1.775222	5.150222	3.375000
0.202000	-1.774962	5.149961	3.374999
0.203000	-1.774731	5.149730	3.374999
0.204000	-1.774529	5.149528	3.375000
0.205000	-1.774355	5.149355	3.375000
0.206000	-1.774210	5.149209	3.374999
0.207000	-1.774093	5.149092	3.374999
0.208000	-1.774004	5.149003	3.374999
0.209000	-1.773941	5.148940	3.374999
0.210000	-1.773906	5.148904	3.374999
0.211000	-1.773896	5.148895	3.374999
0.212000	-1.773912	5.148911	3.374999
0.213000	-1.773953	5.148952	3.374999
0.214000	-1.774019	5.149018	3.374999
0.215000	-1.774109	5.149108	3.374999
0.216000	-1.774223	5.149221	3.374999
0.217000	-1.774359	5.149358	3.374999
0.218000	-1.774518	5.149517	3.374999
0.219000	-1.774698	5.149697	3.374999
0.220000	-1.774899	5.149898	3.374999
0.221000	-1.775121	5.150120	3.374999
0.222000	-1.775362	5.150361	3.374999
0.223000	-1.775622	5.150620	3.374999
0.224000	-1.775900	5.150898	3.374999
0.225000	-1.776194	5.151194	3.374999
0.226000	-1.776506	5.151505	3.374999
0.227000	-1.776832	5.151831	3.374999
0.228000	-1.777173	5.152172	3.374999
0.229000	-1.777528	5.152526	3.374999
0.230000	-1.777894	5.152893	3.374999
0.231000	-1.778273	5.153271	3.374998
0.232000	-1.778661	5.153660	3.374998
0.233000	-1.779059	5.154058	3.374998
0.234000	-1.779465	5.154463	3.374998
0.235000	-1.779878	5.154875	3.374998
0.236000	-1.780296	5.155293	3.374997
0.237000	-1.780718	5.155715	3.374997
0.238000	-1.781143	5.156141	3.374997
0.239000	-1.781570	5.156567	3.374997
0.240000	-1.781997	5.156994	3.374997
0.241000	-1.782422	5.157418	3.374997
0.242000	-1.782844	5.157840	3.374996
0.243000	-1.783261	5.158257	3.374996
0.244000	-1.783672	5.158668	3.374996
0.245000	-1.784075	5.159070	3.374995
0.246000	-1.784468	5.159462	3.374995
0.247000	-1.784849	5.159843	3.374994
0.248000	-1.785216	5.160210	3.374994
0.249000	-1.785567	5.160562	3.374995
0.250000	-1.785901	5.160895	3.374994
0.251000	-1.786214	5.161208	3.374994
0.252000	-1.786506	5.161499	3.374993
0.253000	-1.786773	5.161767	3.374994
0.254000	-1.787013	5.162006	3.374993
0.255000	-1.787224	5.162217	3.374993
0.256000	-1.787403	5.162396	3.374993
0.257000	-1.787548	5.162542	3.374994
0.258000	-1.787657	5.162650	3.374993
0.259000	-1.787725	5.162718	3.374993
0.260000	-1.787751	5.162744	3.374993
0.261000	-1.787731	5.162724	3.374992
0.262000	-1.787663	5.162656	3.374993
0.263000	-1.787544	5.162536	3.374992
0.264000	-1.787369	5.162362	3.374992
0.265000	-1.787137	5.162129	3.374992
0.266000	-1.786843	5.161835	3.374992
0.267000	-1.786485	5.161477	3.374992
0.268000	-1.786058	5.161049	3.374991
0.269000	-1.785559	5.160550	3.374991
0.270000	-1.784984	5.159975	3.374991
0.271000	-1.784330	5.159320	3.374990
0.272000	-1.783592	5.158582	3.374990
0.273000	-1.782766	5.157756	3.374990
0.274000	-1.781849	5.156838	3.374990
0.275000	-1.780836	5.155825	3.374989
0.276000	-1.779722	5.154710	3.374989
0.277000	-1.778503	5.153491	3.374988
0.278000	-1.777175	5.152164	3.374988
0.279000	-1.775734	5.150721	3.374987
0.280000	-1.774173	5.149160	3.374987
0.281000	-1.772490	5.147476	3.374986
0.282000	-1.770677	5.145663	3.374986
0.283000	-1.768732	5.143717	3.374985
0.284000	-1.766648	5.141633	3.374985
0.285000	-1.764421	5.139405	3.374985
0.286000	-1.762045	5.137028	3.374984
0.287000	-1.759515	5.134498	3.374984
0.288000	-1.756825	5.131809	3.374984
0.289000	-1.753971	5.128954	3.374983
0.290000	-1.750946	5.125928	3.374982
0.291000	-1.747746	5.122727	3.374982
0.292000	-1.744364	5.119346	3.374982
0.293000	-1.740795	5.115777	3.374981
0.294000	-1.737034	5.112015	3.374980
0.295000	-1.733075	5.108055	3.374980
0.296000	-1.728912	5.103891	3.374979
0.297000	-1.724540	5.099518	3.374979
0.298000	-1.719952	5.094930	3.374978
0.299000	-1.715143	5.090122	3.374978
0.300000	-1.710109	5.085087	3.374978
0.301000	-1.704843	5.079820	3.374977
0.302000	-1.699340	5.074317	3.374977
0.303000	-1.693595	5.068571	3.374976
0.304000	-1.687603	5.062578	3.374975
0.305000	-1.681358	5.056332	3.374974
0.306000	-1.674856	5.049830	3.374974
0.307000	-1.668091	5.043065	3.374974
0.308000	-1.661061	5.036034	3.374973
0.309000	-1.653759	5.028732	3.374973
0.310000	-1.646183	5.021154	3.374972
0.311000	-1.638327	5.013299	3.374972
0.312000	-1.630190	5.005162	3.374972
0.313000	-1.621767	4.996738	3.374971
0.314000	-1.613057	4.988028	3.374971
0.315000	-1.604056	4.979026	3.374970
0.316000	-1.594762	4.969732	3.374970
0.317000	-1.585175	4.960144	3.374969
0.318000	-1.575293	4.950262	3.374969
0.319000	-1.565114	4.940084	3.374969
0.320000	-1.554641	4.929610	3.374969
0.321000	-1.543872	4.918841	3.374969
0.322000	-1.532810	4.907779	3.374969
0.323000	-1.521456	4.896424	3.374968
0.324000	-1.509812	4.884780	3.374969
0.325000	-1.497882	4.872850	3.374969
0.326000	-1.485670	4.860638	3.374968
0.327000	-1.473181	4.848149	3.374968
0.328000	-1.460420	4.835388	3.374968
0.329000	-1.447392	4.822361	3.374969
0.330000	-1.434108	4.809077	3.374969
0.331000	-1.420573	4.795543	3.374970
0.332000	-1.406798	4.781768	3.374970
0.333000	-1.392792	4.767763	3.374971
0.334000	-1.378567	4.753539	3.374971
0.335000	-1.364135	4.739106	3.374972
0.336000	-1.349507	4.724480	3.374973
0.337000	-1.334700	4.709674	3.374974
0.338000	-1.319728	4.694703	3.374975
0.339000	-1.304607	4.679583	3.374976
0.340000	-1.289354	4.664330	3.374977
0.341000	-1.273987	4.648965	3.374978
0.342000	-1.258526	4.633505	3.374979
0.343000	-1.242991	4.617971	3.374979
0.344000	-1.227402	4.602384	3.374981
0.345000	-1.211783	4.586766	3.374983
0.346000	-1.196154	4.571139	3.374985
0.347000	-1.180542	4.555529	3.374987
0.348000	-1.164970	4.539958	3.374988
0.349000	-1.149464	4.524453	3.374989
0.350000	-1.134049	4.509040	3.374991
0.351000	-1.118752	4.493745	3.374993
0.352000	-1.103601	4.478595	3.374994
0.353000	-1.088621	4.463619	3.374998
0.354000	-1.073845	4.448843	3.374999
0.355000	-1.059297	4.434297	3.375000
0.356000	-1.045005	4.420007	3.375002
0.357000	-1.031001	4.406004	3.375004
0.358000	-1.017310	4.392316	3.375006
0.359000	-1.003962	4.378971	3.375008
0.360000	-0.990987	4.365995	3.375009
0.361000	-0.978409	4.353419	3.375010
0.362000	-0.966256	4.341268	3.375012
0.363000	-0.954555	4.329569	3.375014
0.364000	-0.943331	4.318347	3.375016
0.365000	-0.932609	4.307627	3.375018
0.366000	-0.922414	4.297433	3.375019
0.367000	-0.912768	4.287788	3.375021
0.368000	-0.903691	4.278713	3.375022
0.369000	-0.895205	4.270228	3.375023
0.370000	-0.887328	4.262352	3.375024
0.371000	-0.880076	4.255101	3.375025
0.372000	-0.873466	4.248492	3.375026
0.373000	-0.867509	4.242537	3.375028
0.374000	-0.862221	4.237248	3.375027
0.375000	-0.857610	4.232636	3.375027
0.376000	-0.853681	4.228709	3.375028
0.377000	-0.850444	4.225472	3.375028
0.378000	-0.847902	4.222930	3.375028
0.379000	-0.846058	4.221085	3.375027
0.380000	-0.844908	4.219936	3.375028
0.381000	-0.844453	4.219481	3.375029
0.382000	-0.844689	4.219718	3.375028
0.383000	-0.845611	4.220638	3.375027
0.384000	-0.847209	4.222235	3.375026
0.385000	-0.849473	4.224498	3.375025
0.386000	-0.852393	4.227416	3.375023
0.387000	-0.855951	4.230974	3.375023
0.388000	-0.860136	4.235158	3.375022
0.389000	-0.864930	4.239950	3.375020
0.390000	-0.870312	4.245332	3.375020
0.391000	-0.876265	4.251284	3.375019
0.392000	-0.882765	4.257783	3.375018
0.393000	-0.889790	4.264808	3.375017
0.394000	-0.897320	4.272334	3.375014
0.395000	-0.905323	4.280338	3.375015
0.396000	-0.913780	4.288793	3.375013
0.397000	-0.922662	4.297673	3.375011
0.398000	-0.931941	4.306950	3.375009
0.399000	-0.941590	4.316598	3.375008
0.400000	-0.951580	4.326588	3.375007
0.401000	-0.961885	4.336891	3.375006
0.402000	-0.972475	4.347479	3.375004
0.403000	-0.983323	4.358325	3.375002
0.404000	-0.994398	4.369399	3.375001
0.405000	-1.005674	4.380673	3.374999
0.406000	-1.017123	4.392119	3.374996
0.407000	-1.028715	4.403709	3.374995
0.408000	-1.040425	4.415417	3.374992
0.409000	-1.052224	4.427216	3.374992
0.410000	-1.064090	4.439079	3.374990
0.411000	-1.075994	4.450982	3.374988
0.412000	-1.087913	4.462899	3.374986
0.413000	-1.099821	4.474807	3.374985
0.414000	-1.111699	4.486683	3.374984
0.415000	-1.123521	4.498504	3.374983
0.416000	-1.135269	4.510251	3.374982
0.417000	-1.146920	4.521902	3.374981
0.418000	-1.158459	4.533438	3.374979
0.419000	-1.169862	4.544841	3.374979
0.420000	-1.181117	4.556094	3.374977
0.421000	-1.192203	4.567181	3.374978
0.422000	-1.203110	4.578086	3.374976
0.423000	-1.213820	4.588796	3.374976
0.424000	-1.224321	4.599297	3.374975
0.425000	-1.234601	4.609576	3.374975
0.426000	-1.244650	4.619625	3.374975
0.427000	-1.254456	4.629431	3.374975
0.428000	-1.264011	4.638986	3.374975
0.429000	-1.273306	4.648281	3.374974
0.430000	-1.282335	4.657309	3.374974
0.431000	-1.291090	4.666064	3.374974
0.432000	-1.299566	4.674540	3.374974
0.433000	-1.307757	4.682732	3.374974
0.434000	-1.315661	4.690636	3.374974
0.435000	-1.323274	4.698248	3.374974
0.436000	-1.330592	4.705567	3.374975
0.437000	-1.337615	4.712590	3.374975
0.438000	-1.344341	4.719316	3.374976
0.439000	-1.350769	4.725745	3.374976
0.440000	-1.356900	4.731876	3.374976
0.441000	-1.362733	4.737710	3.374977
0.442000	-1.368270	4.743247	3.374976
0.443000	-1.373512	4.748490	3.374978
0.444000	-1.378462	4.753439	3.374978
0.445000	-1.383121	4.758099	3.374978
0.446000	-1.387492	4.762470	3.374978
0.447000	-1.391578	4.766557	3.374979
0.448000	-1.395384	4.770363	3.374979
0.449000	-1.398912	4.773891	3.374979
0.450000	-1.402166	4.777146	3.374980
0.451000	-1.405151	4.780131	3.374980
0.452000	-1.407871	4.782851	3.374980
0.453000	-1.410331	4.785312	3.374981
0.454000	-1.412535	4.787516	3.374981
0.455000	-1.414488	4.789470	3.374982
0.456000	-1.416197	4.791179	3.374982
0.457000	-1.417665	4.792647	3.374982
0.458000	-1.418898	4.793880	3.374983
0.459000	-1.419901	4.794885	3.374983
0.460000	-1.420681	4.795665	3.374984
0.461000	-1.421242	4.796227	3.374985
0.462000	-1.421590	4.796576	3.374985
0.463000	-1.421731	4.796716	3.374985
0.464000	-1.421670	4.796656	3.374986
0.465000	-1.421412	4.796399	3.374987
0.466000	-1.420964	4.795950	3.374987
0.467000	-1.420330	4.795318	3.374988
0.468000	-1.419516	4.794505	3.374988
0.469000	-1.418529	4.793517	3.374988
0.470000	-1.417372	4.792361	3.374989
0.471000	-1.416052	4.791042	3.374990
0.472000	-1.414573	4.789564	3.374990
0.473000	-1.412941	4.787932	3.374991
0.474000	-1.411162	4.786153	3.374991
0.475000	-1.409239	4.784231	3.374991
0.476000	-1.407179	4.782171	3.374992
0.477000	-1.404985	4.779978	3.374992
0.478000	-1.402664	4.777657	3.374993
0.479000	-1.400219	4.775212	3.374993
0.480000	-1.397655	4.772648	3.374993
0.481000	-1.394977	4.769971	3.374994
0.482000	-1.392189	4.767183	3.374994
0.483000	-1.389296	4.764290	3.374994
0.484000	-1.386302	4.761296	3.374995
0.485000	-1.383210	4.758205	3.374995
0.486000	-1.380026	4.755021	3.374995
0.487000	-1.376752	4.751748	3.374996
0.488000	-1.373394	4.748390	3.374996
0.489000	-1.369954	4.744950	3.374996
0.490000	-1.366437	4.741433	3.374996
0.491000	-1.362845	4.737842	3.374996
0.492000	-1.359183	4.734180	3.374997
0.493000	-1.355454	4.730451	3.374997
0.494000	-1.351661	4.726658	3.374997
0.495000	-1.347807	4.722804	3.374998
0.496000	-1.343895	4.718893	3.374998
0.497000	-1.339929	4.714927	3.374998
0.498000	-1.335911	4.710909	3.374998
0.499000	-1.331845	4.706843	3.374998
0.500000	-1.327732	4.702731	3.374999
0.501000	-1.323576	4.698575	3.374999
0.502000	-1.319380	4.694379	3.374999
0.503000	-1.315145	4.690144	3.374999
0.504000	-1.310874	4.685874	3.374999
0.505000	-1.306570	4.681569	3.374999
0.506000	-1.302235	4.677235	3.375000
0.507000	-1.297870	4.672870	3.375000
0.508000	-1.293479	4.668479	3.375000
0.509000	-1.289063	4.664063	3.375000
0.510000	-1.284624	4.659625	3.375000
0.511000	-1.280165	4.655165	3.375000
0.512000	-1.275686	4.650686	3.375000
0.513000	-1.271190	4.646191	3.375000
0.514000	-1.266679	4.641679	3.375000
0.515000	-1.262154	4.637154	3.375000
0.516000	-1.257616	4.632617	3.375001
0.517000	-1.253068	4.628069	3.375001
0.518000	-1.248511	4.623512	3.375001
0.519000	-1.243946	4.618947	3.375001
0.520000	-1.239374	4.614376	3.375002
0.521000	-1.234798	4.609799	3.375001
0.522000	-1.230218	4.605219	3.375001
0.523000	-1.225635	4.600637	3.375002
0.524000	-1.221052	4.596053	3.375001
0.525000	-1.216468	4.591470	3.375002
0.526000	-1.211884	4.586887	3.375002
0.527000	-1.207304	4.582306	3.375002
0.528000	-1.202725	4.577728	3.375002
0.529000	-1.198151	4.573153	3.375002
0.530000	-1.193582	4.568584	3.375003
0.531000	-1.189018	4.564021	3.375003
0.532000	-1.184462	4.559465	3.375003
0.533000	-1.179912	4.554915	3.375003
0.534000	-1.175371	4.550375	3.375004
0.535000	-1.170839	4.545843	3.375004
0.536000	-1.166317	4.541321	3.375004
0.537000	-1.161805	4.536809	3.375004
0.538000	-1.157305	4.532309	3.375004
0.539000	-1.152816	4.527820	3.375004
0.540000	-1.148339	4.523344	3.375004
0.541000	-1.143875	4.518879	3.375004
0.542000	-1.139425	4.514430	3.375005
0.543000	-1.134989	4.509993	3.375005
0.544000	-1.130567	4.505571	3.375005
0.545000	-1.126160	4.501165	3.375005
0.546000	-1.121768	4.496773	3.375005
0.547000	-1.117393	4.492398	3.375005
0.548000	-1.113034	4.488039	3.375005
0.549000	-1.108691	4.483696	3.375005
0.550000	-1.104365	4.479370	3.375005
0.551000	-1.100057	4.475062	3.375005
0.552000	-1.095766	4.470771	3.375005
0.553000	-1.091493	4.466499	3.375005
0.554000	-1.087239	4.462244	3.375005
0.555000	-1.083003	4.458008	3.375005
0.556000	-1.078786	4.453791	3.375005
0.557000	-1.074588	4.449593	3.375005
0.558000	-1.070409	4.445414	3.375005
0.559000	-1.066250	4.441255	3.375005
0.560000	-1.062110	4.437115	3.375005
0.561000	-1.057990	4.432995	3.375005
0.562000	-1.053890	4.428896	3.375005
0.563000	-1.049811	4.424816	3.375005
0.564000	-1.045752	4.420757	3.375005
0.565000	-1.041713	4.416718	3.375005
0.566000	-1.037695	4.412700	3.375005
0.567000	-1.033697	4.408703	3.375006
0.568000	-1.029721	4.404726	3.375005
0.569000	-1.025765	4.400771	3.375006
0.570000	-1.021830	4.396836	3.375006
0.571000	-1.017916	4.392922	3.375006
0.572000	-1.014024	4.389030	3.375006
0.573000	-1.010153	4.385159	3.375006
0.574000	-1.006303	4.381309	3.375006
0.575000	-1.002475	4.377481	3.375006
0.576000	-0.998667	4.373673	3.375006
0.577000	-0.994881	4.369887	3.375006
0.578000	-0.991117	4.366123	3.375006
0.579000	-0.987374	4.362380	3.375006
0.580000	-0.983652	4.358658	3.375006
0.581000	-0.979952	4.354958	3.375006
0.582000	-0.976273	4.351279	3.375006
0.583000	-0.972616	4.347622	3.375007
0.584000	-0.968980	4.343986	3.375006
0.585000	-0.965366	4.340372	3.375006
0.586000	-0.961772	4.336778	3.375006
0.587000	-0.958200	4.333206	3.375006
0.588000	-0.954650	4.329656	3.375006
0.589000	-0.951121	4.326127	3.375006
0.590000	-0.947613	4.322618	3.375006
0.591000	-0.944126	4.319132	3.375006
0.592000	-0.940660	4.315666	3.375006
0.593000	-0.937215	4.312222	3.375006
0.594000	-0.933792	4.308798	3.375006
0.595000	-0.930389	4.305395	3.375006
0.596000	-0.927007	4.302013	3.375006
0.597000	-0.923646	4.298653	3.375007
0.598000	-0.920306	4.295312	3.375006
0.599000	-0.916987	4.291993	3.375006
0.600000	-0.913688	4.288694	3.375006
0.601000	-0.910409	4.285416	3.375006
0.602000	-0.907152	4.282158	3.375006
0.603000	-0.903914	4.278921	3.375007
0.604000	-0.900697	4.275703	3.375007
0.605000	-0.897500	4.272507	3.375007
0.606000	-0.894323	4.269330	3.375006
0.607000	-0.891166	4.266173	3.375006
0.608000	-0.888030	4.263037	3.375007
0.609000	-0.884913	4.259920	3.375007
0.610000	-0.881816	4.256823	3.375007
0.611000	-0.878738	4.253745	3.375007
0.612000	-0.875681	4.250688	3.375007
0.613000	-0.872643	4.247649	3.375007
0.614000	-0.869624	4.244630	3.375007
0.615000	-0.866624	4.241631	3.375007
0.616000	-0.863644	4.238650	3.375007
0.617000	-0.860682	4.235690	3.375007
0.618000	-0.857740	4.232747	3.375007
0.619000	-0.854817	4.229824	3.375007
0.620000	-0.851912	4.226919	3.375007
0.621000	-0.849027	4.224034	3.375007
0.622000	-0.846159	4.221166	3.375007
0.623000	-0.843310	4.218318	3.375007
0.624000	-0.840480	4.215487	3.375007
0.625000	-0.837668	4.212675	3.375008
0.626000	-0.834874	4.209881	3.375007
0.627000	-0.832098	4.207106	3.375008
0.628000	-0.829340	4.204348	3.375007
0.629000	-0.826600	4.201608	3.375008
0.630000	-0.823878	4.198885	3.375008
0.631000	-0.821173	4.196181	3.375008
0.632000	-0.818486	4.193494	3.375008
0.633000	-0.815816	4.190824	3.375008
0.634000	-0.813164	4.188172	3.375008
0.635000	-0.810529	4.185537	3.375008
0.636000	-0.807911	4.182919	3.375008
0.637000	-0.805310	4.180318	3.375008
0.638000	-0.802726	4.177734	3.375008
0.639000	-0.800159	4.175167	3.375008
0.640000	-0.797608	4.172616	3.375008
0.641000	-0.795075	4.170082	3.375008
0.642000	-0.792557	4.167564	3.375007
0.643000	-0.790056	4.165063	3.375007
0.644000	-0.787571	4.162579	3.375007
0.645000	-0.785103	4.160110	3.375008
0.646000	-0.782650	4.157658	3.375007
0.647000	-0.780214	4.155221	3.375007
0.648000	-0.777793	4.152801	3.375008
0.649000	-0.775388	4.150395	3.375008
0.650000	-0.772998	4.148006	3.375008
0.651000	-0.770625	4.145632	3.375008
0.652000	-0.768266	4.143274	3.375008
0.653000	-0.765923	4.140931	3.375008
0.654000	-0.763595	4.138603	3.375008
0.655000	-0.761283	4.136291	3.375008
0.656000	-0.758985	4.133993	3.375008
0.657000	-0.756703	4.131710	3.375008
0.658000	-0.754435	4.129442	3.375008
0.659000	-0.752181	4.127189	3.375008
0.660000	-0.749943	4.124950	3.375007
0.661000	-0.747719	4.122727	3.375008
0.662000	-0.745510	4.120517	3.375008
0.663000	-0.743314	4.118322	3.375008
0.664000	-0.741133	4.116141	3.375008
0.665000	-0.738967	4.113975	3.375008
0.666000	-0.736814	4.111821	3.375007
0.667000	-0.734675	4.109683	3.375007
0.668000	-0.732550	4.107558	3.375007
0.669000	-0.730439	4.105447	3.375008
0.670000	-0.728342	4.103349	3.375007
0.671000	-0.726258	4.101265	3.375007
0.672000	-0.724188	4.099195	3.375007
0.673000	-0.722130	4.097138	3.375008
0.674000	-0.720087	4.095094	3.375008
0.675000	-0.718056	4.093063	3.375007
0.676000	-0.716039	4.091046	3.375008
0.677000	-0.714034	4.089042	3.375007
0.678000	-0.712043	4.087050	3.375008
0.679000	-0.710064	4.085072	3.375007
0.680000	-0.708098	4.083106	3.375008
0.681000	-0.706145	4.081153	3.375008
0.682000	-0.704205	4.079212	3.375008
0.683000	-0.702277	4.077284	3.375007
0.684000	-0.700361	4.075368	3.375007
0.685000	-0.698458	4.073465	3.375008
0.686000	-0.696567	4.071574	3.375008
0.687000	-0.694688	4.069695	3.375008
0.688000	-0.692821	4.067828	3.375007
0.689000	-0.690966	4.065973	3.375007
0.690000	-0.689123	4.064131	3.375008
0.691000	-0.687292	4.062299	3.375007
0.692000	-0.685473	4.060480	3.375007
0.693000	-0.683665	4.058672	3.375008
0.694000	-0.681869	4.056876	3.375007
0.695000	-0.680084	4.055092	3.375008
0.696000	-0.678311	4.053319	3.375007
0.697000	-0.676549	4.051557	3.375007
0.698000	-0.674799	4.049806	3.375007
0.699000	-0.673059	4.048066	3.375007
0.700000	-0.671331	4.046338	3.375007
0.701000	-0.669614	4.044621	3.375007
0.702000	-0.667908	4.042915	3.375007
0.703000	-0.666213	4.041220	3.375007
0.704000	-0.664528	4.039535	3.375007
0.705000	-0.662854	4.037861	3.375006
0.706000	-0.661191	4.036198	3.375007
0.707000	-0.659539	4.034545	3.375007
0.708000	-0.657897	4.032904	3.375007
0.709000	-0.656265	4.031272	3.375007
0.710000	-0.654644	4.029651	3.375006
0.711000	-0.653034	4.028040	3.375006
0.712000	-0.651433	4.026439	3.375006
0.713000	-0.649842	4.024849	3.375007
0.714000	-0.648262	4.023269	3.375006
0.715000	-0.646692	4.021698	3.375007
0.716000	-0.645132	4.020138	3.375007
0.717000	-0.643581	4.018588	3.375007
0.718000	-0.642041	4.017047	3.375006
0.719000	-0.640510	4.015516	3.375006
0.720000	-0.638988	4.013995	3.375006
0.721000	-0.637477	4.012484	3.375007
0.722000	-0.635975	4.010981	3.375006
0.723000	-0.634483	4.009489	3.375006
0.724000	-0.632999	4.008006	3.375007
0.725000	-0.631526	4.006533	3.375007
0.726000	-0.630062	4.005068	3.375007
0.727000	-0.628607	4.003613	3.375006
0.728000	-0.627161	4.002168	3.375007
0.729000	-0.625724	4.000731	3.375006
0.730000	-0.624296	3.999303	3.375006
0.731000	-0.622878	3.997884	3.375006
0.732000	-0.621468	3.996475	3.375006
0.733000	-0.620067	3.995074	3.375007
0.734000	-0.618675	3.993682	3.375007
0.735000	-0.617292	3.992298	3.375006
0.736000	-0.615918	3.990924	3.375006
0.737000	-0.614552	3.989558	3.375006
0.738000	-0.613195	3.988201	3.375006
0.739000	-0.611846	3.986852	3.375006
0.740000	-0.610506	3.985512	3.375006
0.741000	-0.609174	3.984180	3.375006
0.742000	-0.607851	3.982857	3.375006
0.743000	-0.606536	3.981542	3.375006
0.744000	-0.605229	3.980235	3.375006
0.745000	-0.603930	3.978936	3.375006
0.746000	-0.602640	3.977646	3.375006
0.747000	-0.601358	3.976363	3.375005
0.748000	-0.600084	3.975089	3.375006
0.749000	-0.598817	3.973823	3.375006
0.750000	-0.597559	3.972565	3.375005
0.751000	-0.596309	3.971314	3.375005
0.752000	-0.595066	3.970072	3.375006
0.753000	-0.593832	3.968837	3.375005
0.754000	-0.592605	3.967610	3.375005
0.755000	-0.591386	3.966391	3.375006
0.756000	-0.590174	3.965179	3.375005
0.757000	-0.588970	3.963975	3.375005
0.758000	-0.587774	3.962779	3.375005
0.759000	-0.586585	3.961590	3.375005
0.760000	-0.585403	3.960409	3.375005
0.761000	-0.584229	3.959234	3.375005
0.762000	-0.583063	3.958068	3.375005
0.763000	-0.581904	3.956908	3.375004
0.764000	-0.580752	3.955756	3.375005
0.765000	-0.579607	3.954611	3.375004
0.766000	-0.578469	3.953474	3.375005
0.767000	-0.577339	3.952343	3.375005
0.768000	-0.576215	3.951220	3.375005
0.769000	-0.575099	3.950103	3.375004
0.770000	-0.573990	3.948994	3.375004
0.771000	-0.572888	3.947892	3.375004
0.772000	-0.571792	3.946797	3.375005
0.773000	-0.570703	3.945708	3.375005
0.774000	-0.569622	3.944627	3.375005
0.775000	-0.568547	3.943551	3.375004
0.776000	-0.567479	3.942483	3.375004
0.777000	-0.566417	3.941422	3.375004
0.778000	-0.565363	3.940367	3.375004
0.779000	-0.564314	3.939319	3.375004
0.780000	-0.563273	3.938277	3.375005
0.781000	-0.562238	3.937242	3.375004
0.782000	-0.561210	3.936214	3.375004
0.783000	-0.560188	3.935192	3.375004
0.784000	-0.559172	3.934176	3.375004
0.785000	-0.558163	3.933167	3.375004
0.786000	-0.557160	3.932164	3.375004
0.787000	-0.556164	3.931167	3.375004
0.788000	-0.555173	3.930177	3.375004
0.789000	-0.554189	3.929193	3.375004
0.790000	-0.553212	3.928216	3.375004
0.791000	-0.552240	3.927244	3.375004
0.792000	-0.551275	3.926278	3.375003
0.793000	-0.550315	3.925319	3.375004
0.794000	-0.549362	3.924366	3.375004
0.795000	-0.548415	3.923419	3.375004
0.796000	-0.547474	3.922478	3.375004
0.797000	-0.546539	3.921542	3.375004
0.798000	-0.545609	3.920613	3.375004
0.799000	-0.544686	3.919690	3.375004
0.800000	-0.543768	3.918772	3.375004
0.801000	-0.542856	3.917861	3.375004
0.802000	-0.541950	3.916955	3.375004
0.803000	-0.541050	3.916054	3.375004
0.804000	-0.540156	3.915160	3.375004
0.805000	-0.539267	3.914271	3.375004
0.806000	-0.538384	3.913388	3.375004
0.807000	-0.537506	3.912511	3.375005
0.808000	-0.536635	3.911639	3.375005
0.809000	-0.535768	3.910773	3.375005
0.810000	-0.534907	3.909912	3.375005
0.811000	-0.534052	3.909057	3.375005
0.812000	-0.533202	3.908207	3.375005
0.813000	-0.532358	3.907363	3.375005
0.814000	-0.531519	3.906524	3.375005
0.815000	-0.530686	3.905691	3.375005
0.816000	-0.529857	3.904863	3.375005
0.817000	-0.529035	3.904040	3.375005
0.818000	-0.528217	3.903223	3.375005
0.819000	-0.527405	3.902410	3.375006
0.820000	-0.526597	3.901603	3.375006
0.821000	-0.525796	3.900802	3.375006
0.822000	-0.524999	3.900005	3.375006
0.823000	-0.524208	3.899214	3.375006
0.824000	-0.523421	3.898427	3.375006
0.825000	-0.522640	3.897646	3.375006
0.826000	-0.521864	3.896870	3.375006
0.827000	-0.521093	3.896099	3.375007
0.828000	-0.520327	3.895333	3.375006
0.829000	-0.519565	3.894572	3.375007
0.830000	-0.518809	3.893816	3.375007
0.831000	-0.518058	3.893065	3.375007
0.832000	-0.517312	3.892319	3.375007
0.833000	-0.516571	3.891578	3.375007
0.834000	-0.515834	3.890841	3.375007
0.835000	-0.515102	3.890110	3.375007
0.836000	-0.514376	3.889383	3.375007
0.837000	-0.513654	3.888660	3.375007
0.838000	-0.512936	3.887943	3.375007
0.839000	-0.512224	3.887231	3.375007
0.840000	-0.511516	3.886523	3.375007
0.841000	-0.510813	3.885820	3.375007
0.842000	-0.510114	3.885122	3.375007
0.843000	-0.509420	3.884428	3.375007
0.844000	-0.508731	3.883739	3.375008
0.845000	-0.508047	3.883054	3.375008
0.846000	-0.507367	3.882374	3.375008
0.847000	-0.506691	3.881699	3.375008
0.848000	-0.506020	3.881028	3.375008
0.849000	-0.505354	3.880362	3.375008
0.850000	-0.504692	3.879700	3.375008
0.851000	-0.504035	3.879043	3.375008
0.852000	-0.503382	3.878390	3.375008
0.853000	-0.502733	3.877741	3.375008
0.854000	-0.502089	3.877097	3.375008
0.855000	-0.501449	3.876457	3.375008
0.856000	-0.500814	3.875822	3.375008
0.857000	-0.500183	3.875191	3.375008
0.858000	-0.499556	3.874564	3.375008
0.859000	-0.498933	3.873942	3.375008
0.860000	-0.498315	3.873323	3.375008
0.861000	-0.497701	3.872710	3.375008
0.862000	-0.497092	3.872100	3.375009
0.863000	-0.496486	3.871494	3.375008
0.864000	-0.495885	3.870893	3.375009
0.865000	-0.495288	3.870296	3.375008
0.866000	-0.494695	3.869703	3.375009
0.867000	-0.494106	3.869115	3.375009
0.868000	-0.493521	3.868530	3.375009
0.869000	-0.492941	3.867950	3.375009
0.870000	-0.492364	3.867373	3.375009
0.871000	-0.491792	3.866801	3.375009
0.872000	-0.491224	3.866232	3.375009
0.873000	-0.490659	3.865668	3.375009
0.874000	-0.490099	3.865108	3.375009
0.875000	-0.489542	3.864551	3.375009
0.876000	-0.488990	3.863999	3.375009
0.877000	-0.488441	3.863451	3.375009
0.878000	-0.487897	3.862906	3.375009
0.879000	-0.487356	3.862366	3.375009
0.880000	-0.486820	3.861829	3.375010
0.881000	-0.486287	3.861296	3.375009
0.882000	-0.485758	3.860768	3.375010
0.883000	-0.485233	3.860243	3.375010
0.884000	-0.484712	3.859721	3.375009
0.885000	-0.484195	3.859204	3.375009
0.886000	-0.483681	3.858690	3.375010
0.887000	-0.483171	3.858181	3.375009
0.888000	-0.482665	3.857674	3.375009
0.889000	-0.482163	3.857173	3.375010
0.890000	-0.481664	3.856674	3.375010
0.891000	-0.481170	3.856179	3.375010
0.892000	-0.480679	3.855689	3.375010
0.893000	-0.480191	3.855201	3.375010
0.894000	-0.479708	3.854718	3.375010
0.895000	-0.479228	3.854238	3.375010
0.896000	-0.478752	3.853762	3.375010
0.897000	-0.478279	3.853289	3.375010
0.898000	-0.477810	3.852820	3.375010
0.899000	-0.477344	3.852355	3.375010
0.900000	-0.476882	3.851893	3.375010
0.901000	-0.476424	3.851434	3.375010
0.902000	-0.475969	3.850980	3.375010
0.903000	-0.475518	3.850529	3.375010
0.904000	-0.475071	3.850081	3.375010
0.905000	-0.474627	3.849637	3.375010
0.906000	-0.474186	3.849197	3.375010
0.907000	-0.473749	3.848759	3.375010
0.908000	-0.473316	3.848326	3.375010
0.909000	-0.472886	3.847896	3.375010
0.910000	-0.472459	3.847470	3.375011
0.911000	-0.472036	3.847047	3.375011
0.912000	-0.471616	3.846627	3.375011
0.913000	-0.471200	3.846211	3.375011
0.914000	-0.470787	3.845798	3.375011
0.915000	-0.470377	3.845388	3.375011
0.916000	-0.469971	3.844982	3.375011
0.917000	-0.469568	3.844579	3.375011
0.918000	-0.469169	3.844180	3.375011
0.919000	-0.468773	3.843784	3.375011
0.920000	-0.468380	3.843392	3.375011
0.921000	-0.467991	3.843002	3.375011
0.922000	-0.467605	3.842616	3.375011
0.923000	-0.467222	3.842233	3.375011
0.924000	-0.466843	3.841854	3.375011
0.925000	-0.466467	3.841478	3.375011
0.926000	-0.466094	3.841105	3.375011
0.927000	-0.465724	3.840735	3.375011
0.928000	-0.465358	3.840369	3.375012
0.929000	-0.464995	3.840006	3.375012
0.930000	-0.464635	3.839647	3.375012
0.931000	-0.464278	3.839290	3.375012
0.932000	-0.463924	3.838936	3.375012
0.933000	-0.463574	3.838586	3.375012
0.934000	-0.463227	3.838239	3.375012
0.935000	-0.462883	3.837895	3.375012
0.936000	-0.462542	3.837555	3.375012
0.937000	-0.462205	3.837217	3.375012
0.938000	-0.461870	3.836883	3.375012
0.939000	-0.461539	3.836551	3.375012
0.940000	-0.461211	3.836223	3.375012
0.941000	-0.460886	3.835898	3.375012
0.942000	-0.460564	3.835576	3.375012
0.943000	-0.460245	3.835258	3.375012
0.944000	-0.459929	3.834942	3.375012
0.945000	-0.459617	3.834629	3.375012
0.946000	-0.459307	3.834320	3.375012
0.947000	-0.459001	3.834013	3.375013
0.948000	-0.458697	3.833710	3.375012
0.949000	-0.458397	3.833410	3.375013
0.950000	-0.458099	3.833112	3.375012
0.951000	-0.457805	3.832818	3.375012
0.952000	-0.457514	3.832526	3.375012
0.953000	-0.457226	3.832238	3.375013
0.954000	-0.456940	3.831953	3.375013
0.955000	-0.456658	3.831671	3.375013
0.956000	-0.456379	3.831392	3.375013
0.957000	-0.456103	3.831115	3.375013
0.958000	-0.455829	3.830842	3.375013
0.959000	-0.455559	3.830572	3.375013
0.960000	-0.455291	3.830305	3.375013
0.961000	-0.455027	3.830040	3.375013
0.962000	-0.454765	3.829779	3.375013
0.963000	-0.454507	3.829520	3.375013
0.964000	-0.454251	3.829265	3.375013
0.965000	-0.453999	3.829012	3.375013
0.966000	-0.453749	3.828763	3.375014
0.967000	-0.453502	3.828516	3.375014
0.968000	-0.453258	3.828271	3.375013
0.969000	-0.453017	3.828031	3.375014
0.970000	-0.452779	3.827792	3.375014
0.971000	-0.452543	3.827557	3.375014
0.972000	-0.452311	3.827325	3.375014
0.973000	-0.452081	3.827095	3.375014
0.974000	-0.451855	3.826869	3.375014
0.975000	-0.451631	3.826645	3.375014
0.976000	-0.451410	3.826424	3.375014
0.977000	-0.451192	3.826206	3.375014
0.978000	-0.450976	3.825990	3.375014
0.979000	-0.450764	3.825778	3.375014
0.980000	-0.450554	3.825568	3.375014
0.981000	-0.450348	3.825361	3.375014
0.982000	-0.450144	3.825158	3.375014
0.983000	-0.449942	3.824957	3.375015
0.984000	-0.449744	3.824758	3.375014
0.985000	-0.449548	3.824562	3.375014
0.986000	-0.449356	3.824370	3.375015
0.987000	-0.449166	3.824180	3.375014
0.988000	-0.448978	3.823993	3.375014
0.989000	-0.448794	3.823808	3.375014
0.990000	-0.448612	3.823627	3.375015
0.991000	-0.448433	3.823448	3.375015
0.992000	-0.448257	3.823272	3.375015
0.993000	-0.448084	3.823099	3.375015
0.994000	-0.447913	3.822928	3.375015
0.995000	-0.447745	3.822760	3.375015
0.996000	-0.447580	3.822595	3.375015
0.997000	-0.447418	3.822433	3.375015
0.998000	-0.447259	3.822273	3.375014
0.999000	-0.447102	3.822116	3.375015
1.000000	-0.446947	3.821962	3.375015
1.001000	-0.446796	3.821811	3.375015
1.002000	-0.446647	3.821662	3.375015
1.003000	-0.446501	3.821516	3.375015
1.004000	-0.446358	3.821373	3.375015
1.005000	-0.446218	3.821233	3.375015
1.006000	-0.446080	3.821095	3.375015
1.007000	-0.445944	3.820960	3.375015
1.008000	-0.445812	3.820827	3.375015
1.009000	-0.445682	3.820698	3.375015
1.010000	-0.445555	3.820570	3.375015
1.011000	-0.445431	3.820446	3.375015
1.012000	-0.445309	3.820324	3.375015
1.013000	-0.445190	3.820205	3.375015
1.014000	-0.445074	3.820089	3.375015
1.015000	-0.444960	3.819975	3.375015
1.016000	-0.444849	3.819865	3.375015
1.017000	-0.444741	3.819756	3.375015
1.018000	-0.444635	3.819650	3.375015
1.019000	-0.444532	3.819548	3.375015
1.020000	-0.444432	3.819448	3.375015
1.021000	-0.444334	3.819350	3.375016
1.022000	-0.444239	3.819255	3.375015
1.023000	-0.444147	3.819163	3.375015
1.024000	-0.444057	3.819073	3.375016
1.025000	-0.443970	3.818986	3.375016
1.026000	-0.443886	3.818902	3.375016
1.027000	-0.443804	3.818820	3.375016
1.028000	-0.443725	3.818741	3.375016
1.029000	-0.443649	3.818665	3.375016
1.030000	-0.443575	3.818591	3.375016
1.031000	-0.443504	3.818520	3.375016
1.032000	-0.443435	3.818451	3.375016
1.033000	-0.443369	3.818385	3.375016
1.034000	-0.443306	3.818322	3.375016
1.035000	-0.443245	3.818262	3.375016
1.036000	-0.443187	3.818203	3.375016
1.037000	-0.443132	3.818148	3.375016
1.038000	-0.443079	3.818095	3.375016
1.039000	-0.443029	3.818045	3.375016
1.040000	-0.442982	3.817998	3.375016
1.041000	-0.442937	3.817953	3.375016
1.042000	-0.442895	3.817911	3.375017
1.043000	-0.442855	3.817871	3.375016
1.044000	-0.442818	3.817834	3.375016
1.045000	-0.442784	3.817800	3.375017
1.046000	-0.442752	3.817768	3.375016
1.047000	-0.442723	3.817739	3.375016
1.048000	-0.442696	3.817713	3.375016
1.049000	-0.442673	3.817689	3.375017
1.050000	-0.442651	3.817668	3.375016
1.051000	-0.442633	3.817649	3.375016
1.052000	-0.442617	3.817633	3.375016
1.053000	-0.442603	3.817620	3.375016
1.054000	-0.442593	3.817609	3.375017
1.055000	-0.442584	3.817601	3.375016
1.056000	-0.442579	3.817595	3.375016
1.057000	-0.442576	3.817593	3.375017
1.058000	-0.442575	3.817592	3.375016
1.059000	-0.442578	3.817594	3.375016
1.060000	-0.442583	3.817599	3.375017
1.061000	-0.442590	3.817607	3.375017
1.062000	-0.442600	3.817617	3.375017
1.063000	-0.442613	3.817630	3.375016
1.064000	-0.442629	3.817646	3.375017
1.065000	-0.442647	3.817663	3.375017
1.066000	-0.442667	3.817684	3.375017
1.067000	-0.442691	3.817708	3.375017
1.068000	-0.442717	3.817733	3.375017
1.069000	-0.442745	3.817762	3.375017
1.070000	-0.442776	3.817793	3.375017
1.071000	-0.442810	3.817827	3.375017
1.072000	-0.442846	3.817863	3.375017
1.073000	-0.442885	3.817902	3.375017
1.074000	-0.442927	3.817945	3.375017
1.075000	-0.442971	3.817989	3.375017
1.076000	-0.443018	3.818036	3.375017
1.077000	-0.443068	3.818085	3.375017
1.078000	-0.443120	3.818137	3.375017
1.079000	-0.443175	3.818192	3.375017
1.080000	-0.443233	3.818250	3.375017
1.081000	-0.443293	3.818310	3.375017
1.082000	-0.443356	3.818373	3.375017
1.083000	-0.443421	3.818439	3.375018
1.084000	-0.443489	3.818507	3.375018
1.085000	-0.443560	3.818578	3.375018
1.086000	-0.443634	3.818651	3.375018
1.087000	-0.443710	3.818727	3.375018
1.088000	-0.443788	3.818806	3.375017
1.089000	-0.443870	3.818887	3.375018
1.090000	-0.443954	3.818972	3.375018
1.091000	-0.444041	3.819058	3.375017
1.092000	-0.444130	3.819148	3.375018
1.093000	-0.444222	3.819240	3.375018
1.094000	-0.444317	3.819335	3.375018
1.095000	-0.444415	3.819432	3.375018
1.096000	-0.444515	3.819532	3.375018
1.097000	-0.444618	3.819635	3.375018
1.098000	-0.444723	3.819741	3.375018
1.099000	-0.444831	3.819849	3.375018
1.100000	-0.444943	3.819960	3.375018
1.101000	-0.445056	3.820074	3.375018
1.102000	-0.445172	3.820190	3.375018
1.103000	-0.445291	3.820309	3.375017
1.104000	-0.445413	3.820431	3.375018
1.105000	-0.445538	3.820555	3.375017
1.106000	-0.445665	3.820682	3.375018
1.107000	-0.445795	3.820812	3.375018
1.108000	-0.445927	3.820945	3.375018
1.109000	-0.446063	3.821080	3.375017
1.110000	-0.446201	3.821219	3.375018
1.111000	-0.446342	3.821360	3.375018
1.112000	-0.446485	3.821503	3.375018
1.113000	-0.446632	3.821649	3.375017
1.114000	-0.446781	3.821799	3.375018
1.115000	-0.446933	3.821950	3.375017
1.116000	-0.447087	3.822105	3.375018
1.117000	-0.447245	3.822262	3.375017
1.118000	-0.447405	3.822422	3.375018
1.119000	-0.447568	3.822586	3.375018
1.120000	-0.447733	3.822751	3.375018
1.121000	-0.447902	3.822920	3.375018
1.122000	-0.448073	3.823091	3.375018
1.123000	-0.448247	3.823265	3.375018
1.124000	-0.448424	3.823442	3.375017
1.125000	-0.448604	3.823621	3.375017
1.126000	-0.448786	3.823804	3.375018
1.127000	-0.448972	3.823989	3.375017
1.128000	-0.449160	3.824178	3.375018
1.129000	-0.449351	3.824368	3.375018
1.130000	-0.449545	3.824563	3.375018
1.131000	-0.449741	3.824759	3.375018
1.132000	-0.449941	3.824959	3.375018
1.133000	-0.450143	3.825161	3.375018
1.134000	-0.450348	3.825366	3.375018
1.135000	-0.450557	3.825575	3.375018
1.136000	-0.450768	3.825786	3.375018
1.137000	-0.450982	3.826000	3.375018
1.138000	-0.451198	3.826216	3.375018
1.139000	-0.451418	3.826436	3.375018
1.140000	-0.451640	3.826659	3.375018
1.141000	-0.451866	3.826884	3.375018
1.142000	-0.452094	3.827112	3.375018
1.143000	-0.452326	3.827344	3.375019
1.144000	-0.452560	3.827578	3.375018
1.145000	-0.452797	3.827815	3.375018
1.146000	-0.453037	3.828056	3.375018
1.147000	-0.453280	3.828298	3.375018
1.148000	-0.453526	3.828545	3.375019
1.149000	-0.453775	3.828794	3.375018
1.150000	-0.454027	3.829046	3.375019
1.151000	-0.454283	3.829301	3.375018
1.152000	-0.454541	3.829559	3.375018
1.153000	-0.454801	3.829820	3.375018
1.154000	-0.455065	3.830084	3.375019
1.155000	-0.455332	3.830351	3.375019
1.156000	-0.455602	3.830621	3.375019
1.157000	-0.455875	3.830894	3.375018
1.158000	-0.456151	3.831170	3.375018
1.159000	-0.456431	3.831449	3.375019
1.160000	-0.456713	3.831732	3.375019
1.161000	-0.456998	3.832017	3.375019
1.162000	-0.457287	3.832305	3.375018
1.163000	-0.457578	3.832597	3.375019
1.164000	-0.457873	3.832891	3.375018
1.165000	-0.458170	3.833189	3.375018
1.166000	-0.458471	3.833490	3.375019
1.167000	-0.458775	3.833793	3.375018
1.168000	-0.459082	3.834100	3.375018
1.169000	-0.459393	3.834411	3.375018
1.170000	-0.459706	3.834724	3.375018
1.171000	-0.460023	3.835041	3.375018
1.172000	-0.460342	3.835360	3.375018
1.173000	-0.460665	3.835683	3.375018
1.174000	-0.460991	3.836010	3.375018
1.175000	-0.461321	3.836339	3.375018
1.176000	-0.461653	3.836671	3.375018
1.177000	-0.461989	3.837007	3.375018
1.178000	-0.462328	3.837346	3.375018
1.179000	-0.462670	3.837688	3.375018
1.180000	-0.463015	3.838033	3.375018
1.181000	-0.463364	3.838382	3.375018
1.182000	-0.463716	3.838734	3.375018
1.183000	-0.464072	3.839089	3.375017
1.184000	-0.464430	3.839448	3.375018
1.185000	-0.464792	3.839810	3.375018
1.186000	-0.465158	3.840175	3.375018
1.187000	-0.465526	3.840544	3.375018
1.188000	-0.465898	3.840916	3.375018
1.189000	-0.466274	3.841291	3.375018
1.190000	-0.466652	3.841670	3.375018
1.191000	-0.467034	3.842052	3.375018
1.192000	-0.467420	3.842438	3.375018
1.193000	-0.467809	3.842826	3.375018
1.194000	-0.468201	3.843219	3.375017
1.195000	-0.468597	3.843615	3.375018
1.196000	-0.468996	3.844014	3.375018
1.197000	-0.469399	3.844417	3.375018
1.198000	-0.469805	3.844823	3.375018
1.199000	-0.470215	3.845233	3.375018
1.200000	-0.470628	3.845646	3.375018
1.201000	-0.471045	3.846062	3.375018
1.202000	-0.471465	3.846483	3.375018
1.203000	-0.471889	3.846907	3.375018
1.204000	-0.472316	3.847334	3.375017
1.205000	-0.472747	3.847765	3.375018
1.206000	-0.473182	3.848199	3.375017
1.207000	-0.473620	3.848637	3.375018
1.208000	-0.474061	3.849079	3.375018
1.209000	-0.474507	3.849524	3.375017
1.210000	-0.474956	3.849973	3.375017
1.211000	-0.475409	3.850427	3.375018
1.212000	-0.475865	3.850883	3.375018
1.213000	-0.476325	3.851343	3.375018
1.214000	-0.476789	3.851807	3.375018
1.215000	-0.477257	3.852274	3.375017
1.216000	-0.477728	3.852745	3.375017
1.217000	-0.478203	3.853221	3.375018
1.218000	-0.478682	3.853699	3.375018
1.219000	-0.479165	3.854182	3.375018
1.220000	-0.479651	3.854668	3.375017
1.221000	-0.480141	3.855158	3.375017
1.222000	-0.480635	3.855653	3.375017
1.223000	-0.481133	3.856150	3.375017
1.224000	-0.481635	3.856652	3.375017
1.225000	-0.482141	3.857158	3.375018
1.226000	-0.482650	3.857668	3.375018
1.227000	-0.483164	3.858181	3.375018
1.228000	-0.483681	3.858699	3.375018
1.229000	-0.484203	3.859221	3.375017
1.230000	-0.484728	3.859746	3.375017
1.231000	-0.485258	3.860276	3.375018
1.232000	-0.485791	3.860809	3.375018
1.233000	-0.486329	3.861346	3.375018
1.234000	-0.486870	3.861888	3.375018
1.235000	-0.487416	3.862433	3.375017
1.236000	-0.487966	3.862983	3.375017
1.237000	-0.488520	3.863537	3.375017
1.238000	-0.489078	3.864095	3.375017
1.239000	-0.489640	3.864657	3.375017
1.240000	-0.490206	3.865224	3.375018
1.241000	-0.490777	3.865794	3.375018
1.242000	-0.491351	3.866369	3.375017
1.243000	-0.491930	3.866948	3.375018
1.244000	-0.492513	3.867531	3.375018
1.245000	-0.493101	3.868119	3.375018
1.246000	-0.493692	3.868710	3.375018
1.247000	-0.494289	3.869306	3.375018
1.248000	-0.494889	3.869907	3.375018
1.249000	-0.495494	3.870512	3.375018
1.250000	-0.496103	3.871121	3.375018
1.251000	-0.496716	3.871734	3.375017
1.252000	-0.497334	3.872352	3.375018
1.253000	-0.497957	3.872974	3.375017
1.254000	-0.498584	3.873601	3.375017
1.255000	-0.499215	3.874233	3.375017
1.256000	-0.499851	3.874869	3.375017
1.257000	-0.500492	3.875510	3.375018
1.258000	-0.501137	3.876154	3.375017
1.259000	-0.501787	3.876804	3.375018
1.260000	-0.502441	3.877458	3.375017
1.261000	-0.503100	3.878117	3.375018
1.262000	-0.503763	3.878781	3.375018
1.263000	-0.504431	3.879449	3.375018
1.264000	-0.505104	3.880122	3.375018
1.265000	-0.505782	3.880800	3.375017
1.266000	-0.506465	3.881482	3.375018
1.267000	-0.507152	3.882169	3.375017
1.268000	-0.507844	3.882861	3.375017
1.269000	-0.508541	3.883558	3.375017
1.270000	-0.509242	3.884259	3.375017
1.271000	-0.509949	3.884966	3.375017
1.272000	-0.510661	3.885678	3.375017
1.273000	-0.511377	3.886394	3.375017
1.274000	-0.512098	3.887115	3.375017
1.275000	-0.512825	3.887841	3.375017
1.276000	-0.513556	3.888573	3.375017
1.277000	-0.514292	3.889310	3.375017
1.278000	-0.515034	3.890051	3.375017
1.279000	-0.515780	3.890798	3.375018
1.280000	-0.516532	3.891550	3.375018
1.281000	-0.517289	3.892307	3.375018
1.282000	-0.518052	3.893069	3.375018
1.283000	-0.518819	3.893837	3.375018
1.284000	-0.519592	3.894609	3.375018
1.285000	-0.520369	3.895387	3.375018
1.286000	-0.521152	3.896171	3.375018
1.287000	-0.521941	3.896959	3.375018
1.288000	-0.522735	3.897753	3.375019
1.289000	-0.523534	3.898553	3.375018
1.290000	-0.524339	3.899357	3.375018
1.291000	-0.525149	3.900168	3.375019
1.292000	-0.525965	3.900983	3.375018
1.293000	-0.526786	3.901804	3.375018
1.294000	-0.527613	3.902631	3.375019
1.295000	-0.528445	3.903464	3.375019
1.296000	-0.529283	3.904302	3.375019
1.297000	-0.530127	3.905146	3.375019
1.298000	-0.530976	3.905995	3.375019
1.299000	-0.531832	3.906851	3.375019
1.300000	-0.532692	3.907712	3.375020
1.301000	-0.533559	3.908578	3.375019
1.302000	-0.534431	3.909451	3.375020
1.303000	-0.535310	3.910329	3.375019
1.304000	-0.536194	3.911213	3.375020
1.305000	-0.537084	3.912104	3.375020
1.306000	-0.537980	3.913000	3.375020
1.307000	-0.538882	3.913902	3.375020
1.308000	-0.539791	3.914810	3.375020
1.309000	-0.540705	3.915725	3.375020
1.310000	-0.541625	3.916645	3.375020
1.311000	-0.542552	3.917571	3.375020
1.312000	-0.543484	3.918504	3.375020
1.313000	-0.544423	3.919443	3.375019
1.314000	-0.545368	3.920388	3.375020
1.315000	-0.546320	3.921339	3.375019
1.316000	-0.547278	3.922297	3.375020
1.317000	-0.548242	3.923262	3.375020
1.318000	-0.549213	3.924233	3.375020
1.319000	-0.550190	3.925210	3.375020
1.320000	-0.551174	3.926194	3.375020
1.321000	-0.552164	3.927184	3.375020
1.322000	-0.553161	3.928181	3.375020
1.323000	-0.554164	3.929184	3.375020
1.324000	-0.555175	3.930195	3.375020
1.325000	-0.556191	3.931211	3.375020
1.326000	-0.557215	3.932235	3.375020
1.327000	-0.558245	3.933265	3.375020
1.328000	-0.559282	3.934303	3.375021
1.329000	-0.560326	3.935347	3.375021
1.330000	-0.561377	3.936398	3.375021
1.331000	-0.562435	3.937456	3.375021
1.332000	-0.563500	3.938521	3.375021
1.333000	-0.564572	3.939593	3.375021
1.334000	-0.565652	3.940672	3.375021
1.335000	-0.566738	3.941758	3.375021
1.336000	-0.567832	3.942852	3.375021
1.337000	-0.568932	3.943953	3.375021
1.338000	-0.570041	3.945061	3.375021
1.339000	-0.571156	3.946176	3.375020
1.340000	-0.572279	3.947299	3.375020
1.341000	-0.573409	3.948429	3.375020
1.342000	-0.574547	3.949566	3.375020
1.343000	-0.575692	3.950711	3.375019
1.344000	-0.576845	3.951865	3.375020
1.345000	-0.578006	3.953025	3.375020
1.346000	-0.579174	3.954194	3.375020
1.347000	-0.580350	3.955370	3.375020
1.348000	-0.581534	3.956554	3.375020
1.349000	-0.582725	3.957746	3.375020
1.350000	-0.583925	3.958945	3.375020
1.351000	-0.585132	3.960152	3.375020
1.352000	-0.586347	3.961367	3.375020
1.353000	-0.587571	3.962591	3.375020
1.354000	-0.588803	3.963823	3.375020
1.355000	-0.590042	3.965062	3.375020
1.356000	-0.591290	3.966310	3.375019
1.357000	-0.592547	3.967566	3.375019
1.358000	-0.593811	3.968831	3.375020
1.359000	-0.595084	3.970104	3.375019
1.360000	-0.596366	3.971385	3.375019
1.361000	-0.597656	3.972675	3.375019
1.362000	-0.598954	3.973973	3.375019
1.363000	-0.600261	3.975280	3.375019
1.364000	-0.601577	3.976595	3.375019
1.365000	-0.602901	3.977920	3.375019
1.366000	-0.604234	3.979253	3.375019
1.367000	-0.605576	3.980595	3.375019
1.368000	-0.606927	3.981946	3.375019
1.369000	-0.608287	3.983305	3.375019
1.370000	-0.609655	3.984674	3.375019
1.371000	-0.611033	3.986052	3.375018
1.372000	-0.612420	3.987439	3.375019
1.373000	-0.613817	3.988836	3.375019
1.374000	-0.615222	3.990241	3.375019
1.375000	-0.616637	3.991656	3.375019
1.376000	-0.618062	3.993081	3.375019
1.377000	-0.619495	3.994514	3.375019
1.378000	-0.620939	3.995958	3.375019
1.379000	-0.622391	3.997411	3.375019
1.380000	-0.623854	3.998873	3.375019
1.381000	-0.625326	4.000346	3.375020
1.382000	-0.626808	4.001828	3.375019
1.383000	-0.628300	4.003320	3.375019
1.384000	-0.629802	4.004822	3.375020
1.385000	-0.631314	4.006333	3.375020
1.386000	-0.632836	4.007855	3.375020
1.387000	-0.634368	4.009387	3.375019
1.388000	-0.635910	4.010929	3.375019
1.389000	-0.637463	4.012482	3.375019
1.390000	-0.639025	4.014044	3.375019
1.391000	-0.640599	4.015618	3.375019
1.392000	-0.642182	4.017202	3.375020
1.393000	-0.643777	4.018796	3.375020
1.394000	-0.645381	4.020401	3.375020
1.395000	-0.646997	4.022017	3.375020
1.396000	-0.648624	4.023643	3.375020
1.397000	-0.650261	4.025280	3.375020
1.398000	-0.651909	4.026929	3.375020
1.399000	-0.653569	4.028588	3.375019
1.400000	-0.655239	4.030258	3.375019
1.401000	-0.656920	4.031940	3.375019
1.402000	-0.658613	4.033632	3.375019
1.403000	-0.660317	4.035336	3.375019
1.404000	-0.662032	4.037051	3.375019
1.405000	-0.663759	4.038778	3.375019
1.406000	-0.665498	4.040516	3.375018
1.407000	-0.667247	4.042266	3.375019
1.408000	-0.669009	4.044028	3.375019
1.409000	-0.670783	4.045801	3.375019
1.410000	-0.672568	4.047587	3.375019
1.411000	-0.674365	4.049385	3.375020
1.412000	-0.676174	4.051194	3.375020
1.413000	-0.677996	4.053015	3.375020
1.414000	-0.679829	4.054849	3.375020
1.415000	-0.681675	4.056695	3.375020
1.416000	-0.683533	4.058553	3.375020
1.417000	-0.685404	4.060423	3.375020
1.418000	-0.687287	4.062306	3.375020
1.419000	-0.689183	4.064202	3.375019
1.420000	-0.691091	4.066111	3.375020
1.421000	-0.693012	4.068032	3.375020
1.422000	-0.694946	4.069965	3.375020
1.423000	-0.696892	4.071912	3.375020
1.424000	-0.698852	4.073872	3.375020
1.425000	-0.700825	4.075845	3.375020
1.426000	-0.702811	4.077831	3.375020
1.427000	-0.704811	4.079831	3.375020
1.428000	-0.706823	4.081843	3.375020
1.429000	-0.708850	4.083869	3.375020
1.430000	-0.710889	4.085909	3.375020
1.431000	-0.712943	4.087963	3.375020
1.432000	-0.715010	4.090030	3.375020
1.433000	-0.717091	4.092110	3.375019
1.434000	-0.719186	4.094205	3.375019
1.435000	-0.721294	4.096313	3.375019
1.436000	-0.723417	4.098436	3.375019
1.437000	-0.725554	4.100573	3.375019
1.438000	-0.727705	4.102724	3.375019
1.439000	-0.729871	4.104889	3.375019
1.440000	-0.732051	4.107069	3.375019
1.441000	-0.734245	4.109263	3.375018
1.442000	-0.736454	4.111472	3.375018
1.443000	-0.738677	4.113695	3.375018
1.444000	-0.740915	4.115933	3.375018
1.445000	-0.743169	4.118186	3.375018
1.446000	-0.745436	4.120454	3.375017
1.447000	-0.747719	4.122737	3.375018
1.448000	-0.750017	4.125035	3.375018
1.449000	-0.752331	4.127348	3.375018
1.450000	-0.754659	4.129677	3.375018
1.451000	-0.757003	4.132021	3.375018
1.452000	-0.759362	4.134380	3.375018
1.453000	-0.761737	4.136754	3.375017
1.454000	-0.764127	4.139145	3.375018
1.455000	-0.766533	4.141551	3.375018
1.456000	-0.768954	4.143973	3.375019
1.457000	-0.771392	4.146410	3.375018
1.458000	-0.773845	4.148864	3.375018
1.459000	-0.776315	4.151333	3.375018
1.460000	-0.778801	4.153819	3.375018
1.461000	-0.781302	4.156321	3.375018
1.462000	-0.783820	4.158839	3.375019
1.463000	-0.786354	4.161372	3.375018
1.464000	-0.788905	4.163923	3.375019
1.465000	-0.791471	4.166491	3.375019
1.466000	-0.794055	4.169074	3.375019
1.467000	-0.796655	4.171674	3.375019
1.468000	-0.799272	4.174291	3.375019
1.469000	-0.801905	4.176924	3.375019
1.470000	-0.804555	4.179574	3.375019
1.471000	-0.807222	4.182241	3.375019
1.472000	-0.809906	4.184925	3.375019
1.473000	-0.812607	4.187626	3.375019
1.474000	-0.815325	4.190344	3.375020
1.475000	-0.818060	4.193079	3.375020
1.476000	-0.820812	4.195831	3.375019
1.477000	-0.823581	4.198600	3.375019
1.478000	-0.826367	4.201386	3.375019
1.479000	-0.829171	4.204190	3.375019
1.480000	-0.831993	4.207011	3.375019
1.481000	-0.834831	4.209850	3.375020
1.482000	-0.837687	4.212706	3.375020
1.483000	-0.840560	4.215580	3.375020
1.484000	-0.843451	4.218470	3.375019
1.485000	-0.846359	4.221379	3.375020
1.486000	-0.849285	4.224304	3.375019
1.487000	-0.852229	4.227248	3.375019
1.488000	-0.855190	4.230209	3.375019
1.489000	-0.858168	4.233188	3.375019
1.490000	-0.861165	4.236184	3.375019
1.491000	-0.864178	4.239197	3.375019
1.492000	-0.867210	4.242229	3.375019
1.493000	-0.870258	4.245277	3.375019
1.494000	-0.873325	4.248344	3.375019
1.495000	-0.876409	4.251428	3.375019
1.496000	-0.879510	4.254529	3.375019
1.497000	-0.882629	4.257648	3.375019
1.498000	-0.885766	4.260784	3.375018
1.499000	-0.888920	4.263938	3.375019
1.500000	-0.892091	4.267109	3.375018
1.501000	-0.895280	4.270298	3.375018
1.502000	-0.898486	4.273504	3.375018
1.503000	-0.901709	4.276727	3.375018
1.504000	-0.904949	4.279966	3.375018
1.505000	-0.908206	4.283223	3.375017
1.506000	-0.911480	4.286498	3.375018
1.507000	-0.914771	4.289788	3.375018
1.508000	-0.918078	4.293095	3.375017
1.509000	-0.921402	4.296419	3.375017
1.510000	-0.924743	4.299760	3.375017
1.511000	-0.928100	4.303116	3.375016
1.512000	-0.931473	4.306489	3.375017
1.513000	-0.934862	4.309878	3.375016
1.514000	-0.938267	4.313283	3.375017
1.515000	-0.941687	4.316704	3.375017
1.516000	-0.945123	4.320140	3.375017
1.517000	-0.948574	4.323591	3.375017
1.518000	-0.952041	4.327057	3.375016
1.519000	-0.955522	4.330538	3.375016
1.520000	-0.959018	4.334034	3.375016
1.521000	-0.962528	4.337544	3.375017
1.522000	-0.966052	4.341068	3.375016
1.523000	-0.969589	4.344605	3.375016
1.524000	-0.973140	4.348156	3.375016
1.525000	-0.976704	4.351720	3.375016
1.526000	-0.980281	4.355297	3.375016
1.527000	-0.983870	4.358886	3.375016
1.528000	-0.987471	4.362487	3.375016
1.529000	-0.991084	4.366100	3.375015
1.530000	-0.994708	4.369724	3.375016
1.531000	-0.998343	4.373359	3.375016
1.532000	-1.001988	4.377004	3.375016
1.533000	-1.005643	4.380658	3.375015
1.534000	-1.009307	4.384322	3.375015
1.535000	-1.012980	4.387995	3.375015
1.536000	-1.016661	4.391676	3.375015
1.537000	-1.020350	4.395364	3.375015
1.538000	-1.024046	4.399060	3.375015
1.539000	-1.027748	4.402762	3.375015
1.540000	-1.031456	4.406470	3.375015
1.541000	-1.035169	4.410183	3.375014
1.542000	-1.038886	4.413900	3.375014
1.543000	-1.042607	4.417621	3.375014
1.544000	-1.046331	4.421344	3.375014
1.545000	-1.050056	4.425070	3.375013
1.546000	-1.053783	4.428796	3.375013
1.547000	-1.057511	4.432523	3.375012
1.548000	-1.061237	4.436249	3.375012
1.549000	-1.064962	4.439974	3.375012
1.550000	-1.068685	4.443696	3.375012
1.551000	-1.072404	4.447415	3.375011
1.552000	-1.076118	4.451129	3.375011
1.553000	-1.079826	4.454837	3.375011
1.554000	-1.083527	4.458539	3.375011
1.555000	-1.087220	4.462232	3.375012
1.556000	-1.090904	4.465916	3.375011
1.557000	-1.094577	4.469589	3.375011
1.558000	-1.098239	4.473250	3.375011
1.559000	-1.101887	4.476898	3.375011
1.560000	-1.105519	4.480530	3.375011
1.561000	-1.109136	4.484147	3.375011
1.562000	-1.112734	4.487746	3.375011
1.563000	-1.116314	4.491325	3.375011
1.564000	-1.119872	4.494883	3.375011
1.565000	-1.123407	4.498418	3.375011
1.566000	-1.126918	4.501929	3.375011
1.567000	-1.130402	4.505413	3.375011
1.568000	-1.133858	4.508869	3.375011
1.569000	-1.137283	4.512294	3.375011
1.570000	-1.140676	4.515687	3.375011
1.571000	-1.144035	4.519046	3.375011
1.572000	-1.147357	4.522367	3.375011
1.573000	-1.150640	4.525651	3.375011
1.574000	-1.153883	4.528893	3.375011
1.575000	-1.157082	4.532092	3.375010
1.576000	-1.160234	4.535244	3.375010
1.577000	-1.163339	4.538349	3.375010
1.578000	-1.166392	4.541402	3.375010
1.579000	-1.169392	4.544401	3.375009
1.580000	-1.172335	4.547345	3.375010
1.581000	-1.175219	4.550228	3.375009
1.582000	-1.178041	4.553050	3.375009
1.583000	-1.180797	4.555806	3.375009
1.584000	-1.183486	4.558494	3.375008
1.585000	-1.186102	4.561110	3.375008
1.586000	-1.188644	4.563652	3.375008
1.587000	-1.191108	4.566115	3.375007
1.588000	-1.193491	4.568497	3.375006
1.589000	-1.195788	4.570794	3.375006
1.590000	-1.197997	4.573003	3.375006
1.591000	-1.200113	4.575119	3.375005
1.592000	-1.202133	4.577138	3.375005
1.593000	-1.204054	4.579059	3.375005
1.594000	-1.205870	4.580874	3.375004
1.595000	-1.207579	4.582583	3.375004
1.596000	-1.209175	4.584179	3.375004
1.597000	-1.210655	4.585659	3.375004
1.598000	-1.212015	4.587018	3.375003
1.599000	-1.213250	4.588253	3.375003
1.600000	-1.214355	4.589357	3.375003
1.601000	-1.215326	4.590329	3.375003
1.602000	-1.216159	4.591161	3.375002
1.603000	-1.216848	4.591850	3.375002
1.604000	-1.217390	4.592392	3.375002
1.605000	-1.217779	4.592780	3.375001
1.606000	-1.218010	4.593011	3.375000
1.607000	-1.218079	4.593080	3.375001
1.608000	-1.217981	4.592981	3.375000
1.609000	-1.217710	4.592709	3.375000
1.610000	-1.217261	4.592260	3.374999
1.611000	-1.216630	4.591628	3.374998
1.612000	-1.215811	4.590809	3.374998
1.613000	-1.214799	4.589797	3.374998
1.614000	-1.213590	4.588587	3.374997
1.615000	-1.212177	4.587174	3.374997
1.616000	-1.210557	4.585553	3.374996
1.617000	-1.208723	4.583719	3.374995
1.618000	-1.206672	4.581667	3.374996
1.619000	-1.204397	4.579391	3.374994
1.620000	-1.201895	4.576889	3.374994
1.621000	-1.199160	4.574153	3.374993
1.622000	-1.196187	4.571180	3.374993
1.623000	-1.192972	4.567966	3.374993
1.624000	-1.189512	4.564504	3.374992
1.625000	-1.185800	4.560792	3.374992
1.626000	-1.181834	4.556825	3.374991
1.627000	-1.177608	4.552600	3.374991
1.628000	-1.173121	4.548112	3.374990
1.629000	-1.168368	4.543358	3.374990
1.630000	-1.163346	4.538336	3.374990
1.631000	-1.158052	4.533041	3.374989
1.632000	-1.152484	4.527473	3.374989
1.633000	-1.146638	4.521627	3.374989
1.634000	-1.140514	4.515503	3.374989
1.635000	-1.134110	4.509098	3.374988
1.636000	-1.127425	4.502413	3.374988
1.637000	-1.120458	4.495445	3.374987
1.638000	-1.113209	4.488196	3.374988
1.639000	-1.105679	4.480666	3.374987
1.640000	-1.097867	4.472854	3.374987
1.641000	-1.089776	4.464763	3.374987
1.642000	-1.081408	4.456395	3.374987
1.643000	-1.072766	4.447752	3.374987
1.644000	-1.063852	4.438838	3.374987
1.645000	-1.054671	4.429658	3.374987
1.646000	-1.045227	4.420215	3.374987
1.647000	-1.035527	4.410515	3.374988
1.648000	-1.025576	4.400564	3.374988
1.649000	-1.015381	4.390370	3.374989
1.650000	-1.004951	4.379940	3.374989
1.651000	-0.994294	4.369283	3.374990
1.652000	-0.983419	4.358409	3.374990
1.653000	-0.972337	4.347328	3.374991
1.654000	-0.961059	4.336051	3.374992
1.655000	-0.949598	4.324591	3.374993
1.656000	-0.937966	4.312960	3.374994
1.657000	-0.926177	4.301174	3.374996
1.658000	-0.914249	4.289246	3.374997
1.659000	-0.902194	4.277193	3.374999
1.660000	-0.890031	4.265031	3.375000
1.661000	-0.877778	4.252779	3.375001
1.662000	-0.865452	4.240454	3.375002
1.663000	-0.853073	4.228076	3.375003
1.664000	-0.840662	4.215665	3.375003
1.665000	-0.828238	4.203243	3.375005
1.666000	-0.815825	4.190831	3.375006
1.667000	-0.803443	4.178451	3.375008
1.668000	-0.791117	4.166127	3.375010
1.669000	-0.778871	4.153883	3.375011
1.670000	-0.766728	4.141742	3.375014
1.671000	-0.754715	4.129729	3.375015
1.672000	-0.742854	4.117870	3.375016
1.673000	-0.731171	4.106190	3.375019
1.674000	-0.719695	4.094715	3.375020
1.675000	-0.708448	4.083469	3.375021
1.676000	-0.697458	4.072481	3.375022
1.677000	-0.686749	4.061774	3.375025
1.678000	-0.676350	4.051376	3.375026
1.679000	-0.666283	4.041311	3.375028
1.680000	-0.656575	4.031604	3.375029
1.681000	-0.647250	4.022281	3.375031
1.682000	-0.638333	4.013365	3.375032
1.683000	-0.629847	4.004880	3.375034
1.684000	-0.621814	3.996848	3.375035
1.685000	-0.614255	3.989292	3.375036
1.686000	-0.607195	3.982232	3.375037
1.687000	-0.600651	3.975687	3.375037
1.688000	-0.594639	3.969677	3.375039
1.689000	-0.589180	3.964219	3.375039
1.690000	-0.584288	3.959328	3.375040
1.691000	-0.579976	3.955019	3.375043
1.692000	-0.576262	3.951305	3.375042
1.693000	-0.573154	3.948197	3.375043
1.694000	-0.570664	3.945705	3.375041
1.695000	-0.568795	3.943837	3.375042
1.696000	-0.567557	3.942599	3.375041
1.697000	-0.566953	3.941996	3.375043
1.698000	-0.566986	3.942030	3.375043
1.699000	-0.567658	3.942702	3.375044
1.700000	-0.568968	3.944011	3.375043
1.701000	-0.570913	3.945955	3.375042
1.702000	-0.573488	3.948529	3.375041
1.703000	-0.576685	3.951725	3.375041
1.704000	-0.580497	3.955537	3.375040
1.705000	-0.584915	3.959954	3.375040
1.706000	-0.589927	3.964966	3.375038
1.707000	-0.595522	3.970558	3.375036
1.708000	-0.601680	3.976716	3.375035
1.709000	-0.608390	3.983425	3.375035
1.710000	-0.615633	3.990667	3.375033
1.711000	-0.623389	3.998422	3.375033
1.712000	-0.631642	4.006673	3.375031
1.713000	-0.640366	4.015397	3.375031
1.714000	-0.649547	4.024573	3.375027
1.715000	-0.659152	4.034178	3.375026
1.716000	-0.669164	4.044189	3.375025
1.717000	-0.679556	4.054581	3.375024
1.718000	-0.690307	4.065330	3.375023
1.719000	-0.701390	4.076410	3.375020
1.720000	-0.712779	4.087797	3.375019
1.721000	-0.724448	4.099464	3.375017
1.722000	-0.736370	4.111386	3.375016
1.723000	-0.748522	4.123537	3.375015
1.724000	-0.760878	4.135890	3.375012
1.725000	-0.773410	4.148421	3.375011
1.726000	-0.786094	4.161104	3.375010
1.727000	-0.798906	4.173914	3.375008
1.728000	-0.811818	4.186826	3.375008
1.729000	-0.824810	4.199816	3.375005
1.730000	-0.837858	4.212861	3.375003
1.731000	-0.850935	4.225937	3.375002
1.732000	-0.864021	4.239022	3.375002
1.733000	-0.877095	4.252095	3.375000
1.734000	-0.890136	4.265134	3.374998
1.735000	-0.903123	4.278119	3.374996
1.736000	-0.916037	4.291032	3.374995
1.737000	-0.928860	4.303854	3.374993
1.738000	-0.941574	4.316566	3.374992
1.739000	-0.954162	4.329154	3.374991
1.740000	-0.966609	4.341599	3.374990
1.741000	-0.978900	4.353889	3.374989
1.742000	-0.991020	4.366009	3.374989
1.743000	-1.002959	4.377945	3.374987
1.744000	-1.014701	4.389688	3.374987
1.745000	-1.026236	4.401223	3.374987
1.746000	-1.037556	4.412541	3.374985
1.747000	-1.048648	4.423634	3.374985
1.748000	-1.059507	4.434491	3.374984
1.749000	-1.070122	4.445106	3.374984
1.750000	-1.080488	4.455472	3.374984
1.751000	-1.090598	4.465581	3.374983
1.752000	-1.100447	4.475430	3.374983
1.753000	-1.110031	4.485013	3.374983
1.754000	-1.119345	4.494328	3.374983
1.755000	-1.128385	4.503368	3.374983
1.756000	-1.137150	4.512133	3.374983
1.757000	-1.145637	4.520620	3.374983
1.758000	-1.153846	4.528830	3.374984
1.759000	-1.161775	4.536759	3.374984
1.760000	-1.169425	4.544408	3.374984
1.761000	-1.176794	4.551778	3.374984
1.762000	-1.183884	4.558868	3.374984
1.763000	-1.190696	4.565681	3.374985
1.764000	-1.197232	4.572217	3.374985
1.765000	-1.203494	4.578479	3.374985
1.766000	-1.209484	4.584469	3.374985
1.767000	-1.215204	4.590190	3.374986
1.768000	-1.220657	4.595644	3.374987
1.769000	-1.225847	4.600835	3.374987
1.770000	-1.230778	4.605766	3.374988
1.771000	-1.235453	4.610441	3.374988
1.772000	-1.239876	4.614864	3.374989
1.773000	-1.244050	4.619039	3.374989
1.774000	-1.247981	4.622971	3.374990
1.775000	-1.251673	4.626664	3.374991
1.776000	-1.255131	4.630122	3.374991
1.777000	-1.258359	4.633349	3.374991
1.778000	-1.261361	4.636353	3.374991
1.779000	-1.264144	4.639135	3.374992
1.780000	-1.266711	4.641703	3.374992
1.781000	-1.269068	4.644061	3.374993
1.782000	-1.271220	4.646214	3.374993
1.783000	-1.273173	4.648166	3.374994
1.784000	-1.274930	4.649924	3.374994
1.785000	-1.276498	4.651492	3.374994
1.786000	-1.277881	4.652875	3.374994
1.787000	-1.279084	4.654079	3.374995
1.788000	-1.280113	4.655108	3.374995
1.789000	-1.280973	4.655969	3.374996
1.790000	-1.281668	4.656664	3.374996
1.791000	-1.282204	4.657201	3.374997
1.792000	-1.282585	4.657583	3.374998
1.793000	-1.282817	4.657815	3.374998
1.794000	-1.282904	4.657902	3.374998
1.795000	-1.282851	4.657850	3.374999
1.796000	-1.282662	4.657661	3.374999
1.797000	-1.282343	4.657342	3.375000
1.798000	-1.281897	4.656898	3.375000
1.799000	-1.281330	4.656331	3.375000
1.800000	-1.280645	4.655646	3.375001
1.801000	-1.279848	4.654849	3.375001
1.802000	-1.278941	4.653943	3.375002
1.803000	-1.277930	4.652932	3.375002
1.804000	-1.276818	4.651820	3.375003
1.805000	-1.275609	4.650612	3.375003
1.806000	-1.274307	4.649311	3.375003
1.807000	-1.272917	4.647921	3.375004
1.808000	-1.271441	4.646445	3.375004
1.809000	-1.269883	4.644887	3.375004
1.810000	-1.268247	4.643252	3.375005
1.811000	-1.266536	4.641541	3.375005
1.812000	-1.264754	4.639760	3.375006
1.813000	-1.262904	4.637909	3.375006
1.814000	-1.260988	4.635994	3.375006
1.815000	-1.259011	4.634017	3.375007
1.816000	-1.256975	4.631982	3.375007
1.817000	-1.254882	4.629890	3.375008
1.818000	-1.252738	4.627745	3.375007
1.819000	-1.250542	4.625549	3.375007
1.820000	-1.248299	4.623307	3.375008
1.821000	-1.246011	4.621019	3.375008
1.822000	-1.243680	4.618689	3.375008
1.823000	-1.241310	4.616318	3.375008
1.824000	-1.238902	4.613910	3.375009
1.825000	-1.236458	4.611467	3.375009
1.826000	-1.233981	4.608990	3.375009
1.827000	-1.231474	4.606483	3.375009
1.828000	-1.228937	4.603947	3.375010
1.829000	-1.226374	4.601384	3.375010
1.830000	-1.223786	4.598796	3.375010
1.831000	-1.221175	4.596186	3.375010
1.832000	-1.218543	4.593554	3.375010
1.833000	-1.215892	4.590903	3.375011
1.834000	-1.213223	4.588234	3.375011
1.835000	-1.210539	4.585550	3.375011
1.836000	-1.207840	4.582852	3.375011
1.837000	-1.205129	4.580141	3.375011
1.838000	-1.202407	4.577419	3.375012
1.839000	-1.199674	4.574687	3.375012
1.840000	-1.196934	4.571947	3.375012
1.841000	-1.194187	4.569200	3.375013
1.842000	-1.191434	4.566447	3.375013
1.843000	-1.188676	4.563690	3.375013
1.844000	-1.185916	4.560929	3.375013
1.845000	-1.183154	4.558167	3.375014
1.846000	-1.180391	4.555404	3.375014
1.847000	-1.177628	4.552642	3.375014
1.848000	-1.174867	4.549881	3.375014
1.849000	-1.172108	4.547122	3.375014
1.850000	-1.169353	4.544366	3.375014
1.851000	-1.166602	4.541615	3.375013
1.852000	-1.163856	4.538869	3.375014
1.853000	-1.161116	4.536129	3.375013
1.854000	-1.158383	4.533396	3.375013
1.855000	-1.155658	4.530671	3.375013
1.856000	-1.152941	4.527954	3.375014
1.857000	-1.150233	4.525246	3.375013
1.858000	-1.147536	4.522548	3.375012
1.859000	-1.144849	4.519861	3.375012
1.860000	-1.142173	4.517186	3.375012
1.861000	-1.139510	4.514521	3.375011
1.862000	-1.136858	4.511870	3.375012
1.863000	-1.134220	4.509232	3.375011
1.864000	-1.131596	4.506607	3.375011
1.865000	-1.128986	4.503997	3.375011
1.866000	-1.126390	4.501401	3.375011
1.867000	-1.123810	4.498820	3.375010
1.868000	-1.121245	4.496256	3.375011
1.869000	-1.118697	4.493707	3.375010
1.870000	-1.116165	4.491175	3.375010
1.871000	-1.113650	4.488660	3.375010
1.872000	-1.111152	4.486163	3.375010
1.873000	-1.108672	4.483683	3.375010
1.874000	-1.106211	4.481221	3.375010
1.875000	-1.103768	4.478777	3.375010
1.876000	-1.101343	4.476353	3.375010
1.877000	-1.098938	4.473948	3.375010
1.878000	-1.096552	4.471561	3.375010
1.879000	-1.094186	4.469195	3.375009
1.880000	-1.091839	4.466849	3.375010
1.881000	-1.089513	4.464523	3.375010
1.882000	-1.087208	4.462217	3.375010
1.883000	-1.084923	4.459932	3.375010
1.884000	-1.082659	4.457668	3.375009
1.885000	-1.080416	4.455425	3.375009
1.886000	-1.078195	4.453204	3.375010
1.887000	-1.075995	4.451004	3.375009
1.888000	-1.073817	4.448826	3.375009
1.889000	-1.071660	4.446669	3.375009
1.890000	-1.069526	4.444535	3.375009
1.891000	-1.067414	4.442423	3.375009
1.892000	-1.065325	4.440333	3.375009
1.893000	-1.063257	4.438266	3.375009
1.894000	-1.061213	4.436222	3.375009
1.895000	-1.059191	4.434200	3.375008
1.896000	-1.057192	4.432201	3.375009
1.897000	-1.055217	4.430225	3.375008
1.898000	-1.053264	4.428272	3.375008
1.899000	-1.051334	4.426342	3.375008
1.900000	-1.049427	4.424436	3.375009
1.901000	-1.047544	4.422552	3.375008
1.902000	-1.045684	4.420692	3.375008
1.903000	-1.043848	4.418856	3.375008
1.904000	-1.042035	4.417043	3.375008
1.905000	-1.040246	4.415253	3.375007
1.906000	-1.038481	4.413488	3.375007
1.907000	-1.036739	4.411746	3.375007
1.908000	-1.035021	4.410027	3.375006
1.909000	-1.033326	4.408332	3.375006
1.910000	-1.031655	4.406662	3.375007
1.911000	-1.030009	4.405015	3.375006
1.912000	-1.028386	4.403392	3.375006
1.913000	-1.026788	4.401793	3.375006
1.914000	-1.025213	4.400218	3.375005
1.915000	-1.023661	4.398667	3.375006
1.916000	-1.022134	4.397140	3.375006
1.917000	-1.020631	4.395637	3.375006
1.918000	-1.019152	4.394158	3.375006
1.919000	-1.017697	4.392703	3.375006
1.920000	-1.016266	4.391272	3.375005
1.921000	-1.014860	4.389865	3.375005
1.922000	-1.013477	4.388482	3.375005
1.923000	-1.012119	4.387123	3.375004
1.924000	-1.010784	4.385788	3.375004
1.925000	-1.009474	4.384478	3.375004
1.926000	-1.008187	4.383191	3.375004
1.927000	-1.006925	4.381928	3.375004
1.928000	-1.005686	4.380690	3.375004
1.929000	-1.004472	4.379476	3.375004
1.930000	-1.003281	4.378285	3.375004
1.931000	-1.002115	4.377119	3.375004
1.932000	-1.000972	4.375977	3.375005
1.933000	-0.999853	4.374858	3.375005
1.934000	-0.998759	4.373764	3.375005
1.935000	-0.997688	4.372694	3.375006
1.936000	-0.996641	4.371648	3.375006
1.937000	-0.995619	4.370625	3.375007
1.938000	-0.994620	4.369627	3.375007
1.939000	-0.993646	4.368653	3.375007
1.940000	-0.992695	4.367702	3.375008
1.941000	-0.991768	4.366776	3.375008
1.942000	-0.990865	4.365873	3.375008
1.943000	-0.989986	4.364995	3.375009
1.944000	-0.989132	4.364141	3.375009
1.945000	-0.988301	4.363309	3.375009
1.946000	-0.987494	4.362503	3.375009
1.947000	-0.986710	4.361720	3.375009
1.948000	-0.985951	4.360960	3.375009
1.949000	-0.985216	4.360225	3.375009
1.950000	-0.984504	4.359514	3.375009
1.951000	-0.983816	4.358826	3.375009
1.952000	-0.983153	4.358162	3.375009
1.953000	-0.982512	4.357522	3.375010
1.954000	-0.981896	4.356905	3.375010
1.955000	-0.981303	4.356313	3.375010
1.956000	-0.980735	4.355744	3.375010
1.957000	-0.980189	4.355199	3.375010
1.958000	-0.979668	4.354678	3.375010
1.959000	-0.979170	4.354180	3.375010
1.960000	-0.978696	4.353706	3.375010
1.961000	-0.978246	4.353256	3.375010
1.962000	-0.977820	4.352829	3.375010
1.963000	-0.977417	4.352427	3.375010
1.964000	-0.977038	4.352047	3.375010
1.965000	-0.976682	4.351692	3.375010
1.966000	-0.976350	4.351360	3.375010
1.967000	-0.976042	4.351052	3.375010
1.968000	-0.975757	4.350768	3.375010
1.969000	-0.975497	4.350507	3.375010
1.970000	-0.975260	4.350270	3.375011
1.971000	-0.975046	4.350057	3.375010
1.972000	-0.974856	4.349867	3.375011
1.973000	-0.974690	4.349701	3.375010
1.974000	-0.974548	4.349558	3.375011
1.975000	-0.974429	4.349440	3.375011
1.976000	-0.974333	4.349345	3.375011
1.977000	-0.974262	4.349273	3.375011
1.978000	-0.974215	4.349226	3.375011
1.979000	-0.974190	4.349202	3.375011
1.980000	-0.974190	4.349201	3.375010
1.981000	-0.974213	4.349225	3.375011
1.982000	-0.974260	4.349271	3.375011
1.983000	-0.974331	4.349342	3.375011
1.984000	-0.974425	4.349437	3.375011
1.985000	-0.974544	4.349555	3.375011
1.986000	-0.974686	4.349697	3.375011
1.987000	-0.974852	4.349863	3.375011
1.988000	-0.975041	4.350052	3.375011
1.989000	-0.975254	4.350266	3.375011
1.990000	-0.975491	4.350503	3.375011
1.991000	-0.975752	4.350764	3.375012
1.992000	-0.976037	4.351048	3.375012
1.993000	-0.976345	4.351357	3.375012
1.994000	-0.976678	4.351690	3.375012
1.995000	-0.977035	4.352046	3.375011
1.996000	-0.977415	4.352427	3.375011
1.997000	-0.977819	4.352831	3.375012
1.998000	-0.978248	4.353259	3.375011
1.999000	-0.978700	4.353711	3.375011
