0.000000	-2.646385	6.012712	3.366327
0.001000	-2.667993	6.034321	3.366328
0.002000	-2.689828	6.056154	3.366326
0.003000	-2.711891	6.078217	3.366326
0.004000	-2.734182	6.100508	3.366326
0.005000	-2.756706	6.123032	3.366326
0.006000	-2.779464	6.145789	3.366326
0.007000	-2.802456	6.168781	3.366326
0.008000	-2.825686	6.192011	3.366325
0.009000	-2.849154	6.215480	3.366325
0.010000	-2.872864	6.239190	3.366326
0.011000	-2.896816	6.263143	3.366327
0.012000	-2.921012	6.287339	3.366327
0.013000	-2.945454	6.311781	3.366327
0.014000	-2.970143	6.336470	3.366327
0.015000	-2.995081	6.361408	3.366328
0.016000	-3.020268	6.386595	3.366327
0.017000	-3.045707	6.412034	3.366327
0.018000	-3.071397	6.437724	3.366327
0.019000	-3.097340	6.463668	3.366328
0.020000	-3.123538	6.489865	3.366327
0.021000	-3.149989	6.516316	3.366327
0.022000	-3.176696	6.543023	3.366327
0.023000	-3.203659	6.569986	3.366327
0.024000	-3.230878	6.597204	3.366327
0.025000	-3.258352	6.624678	3.366326
0.026000	-3.286082	6.652409	3.366327
0.027000	-3.314068	6.680395	3.366327
0.028000	-3.342309	6.708636	3.366327
0.029000	-3.370806	6.737132	3.366326
0.030000	-3.399554	6.765881	3.366327
0.031000	-3.428556	6.794882	3.366326
0.032000	-3.457808	6.824134	3.366326
0.033000	-3.487309	6.853635	3.366326
0.034000	-3.517057	6.883384	3.366326
0.035000	-3.547051	6.913376	3.366325
0.036000	-3.577286	6.943610	3.366324
0.037000	-3.607759	6.974083	3.366324
0.038000	-3.638467	7.004791	3.366324
0.039000	-3.669406	7.035730	3.366324
0.040000	-3.700572	7.066895	3.366323
0.041000	-3.731959	7.098282	3.366323
0.042000	-3.763563	7.129886	3.366323
0.043000	-3.795378	7.161700	3.366323
0.044000	-3.827396	7.193717	3.366321
0.045000	-3.859612	7.225932	3.366321
0.046000	-3.892016	7.258336	3.366319
0.047000	-3.924601	7.290919	3.366319
0.048000	-3.957357	7.323674	3.366317
0.049000	-3.990274	7.356590	3.366316
0.050000	-4.023342	7.389657	3.366315
0.051000	-4.056549	7.422863	3.366315
0.052000	-4.089881	7.456196	3.366314
0.053000	-4.123328	7.489641	3.366313
0.054000	-4.156874	7.523185	3.366311
0.055000	-4.190502	7.556811	3.366310
0.056000	-4.224196	7.590504	3.366308
0.057000	-4.257940	7.624246	3.366306
0.058000	-4.291712	7.658017	3.366305
0.059000	-4.325494	7.691797	3.366303
0.060000	-4.359262	7.725564	3.366302
0.061000	-4.392996	7.759295	3.366299
0.062000	-4.426668	7.792965	3.366297
0.063000	-4.460252	7.826547	3.366294
0.064000	-4.493722	7.860013	3.366291
0.065000	-4.527045	7.893334	3.366289
0.066000	-4.560192	7.926478	3.366287
0.067000	-4.593127	7.959411	3.366284
0.068000	-4.625815	7.992097	3.366282
0.069000	-4.658219	8.024497	3.366278
0.070000	-4.690298	8.056572	3.366274
0.071000	-4.722008	8.088279	3.366271
0.072000	-4.753305	8.119572	3.366267
0.073000	-4.784142	8.150405	3.366263
0.074000	-4.814467	8.180726	3.366259
0.075000	-4.844229	8.210482	3.366253
0.076000	-4.873369	8.239619	3.366250
0.077000	-4.901831	8.268075	3.366244
0.078000	-4.929550	8.295789	3.366239
0.079000	-4.956461	8.322695	3.366233
0.080000	-4.982498	8.348724	3.366227
0.081000	-5.007584	8.373804	3.366220
0.082000	-5.031645	8.397860	3.366214
0.083000	-5.054604	8.420811	3.366207
0.084000	-5.076375	8.442574	3.366199
0.085000	-5.096871	8.463062	3.366191
0.086000	-5.116002	8.482185	3.366184
0.087000	-5.133672	8.499847	3.366175
0.088000	-5.149784	8.515950	3.366166
0.089000	-5.164234	8.530391	3.366157
0.090000	-5.176915	8.543063	3.366148
0.091000	-5.187718	8.553856	3.366138
0.092000	-5.196527	8.562656	3.366129
0.093000	-5.203224	8.569344	3.366119
0.094000	-5.207689	8.573797	3.366108
0.095000	-5.209794	8.575893	3.366099
0.096000	-5.209414	8.575500	3.366087
0.097000	-5.206415	8.572491	3.366076
0.098000	-5.200665	8.566729	3.366064
0.099000	-5.192026	8.558079	3.366053
0.100000	-5.180362	8.546403	3.366041
0.101000	-5.165535	8.531562	3.366027
0.102000	-5.147404	8.513419	3.366015
0.103000	-5.125832	8.491834	3.366002
0.104000	-5.100679	8.466668	3.365989
0.105000	-5.071810	8.437788	3.365978
0.106000	-5.039096	8.405060	3.365964
0.107000	-5.002405	8.368356	3.365951
0.108000	-4.961615	8.327555	3.365940
0.109000	-4.916612	8.282540	3.365929
0.110000	-4.867290	8.233206	3.365916
0.111000	-4.813550	8.179457	3.365907
0.112000	-4.755312	8.121208	3.365896
0.113000	-4.692501	8.058391	3.365890
0.114000	-4.625068	7.990951	3.365883
0.115000	-4.552978	7.918854	3.365876
0.116000	-4.476213	7.842085	3.365873
0.117000	-4.394789	7.760656	3.365867
0.118000	-4.308733	7.674599	3.365866
0.119000	-4.218113	7.583977	3.365863
0.120000	-4.123014	7.488885	3.365871
0.121000	-4.023571	7.389445	3.365874
0.122000	-3.919941	7.285821	3.365880
0.123000	-3.812318	7.178210	3.365891
0.124000	-3.700943	7.066848	3.365905
0.125000	-3.586090	6.952013	3.365923
0.126000	-3.468083	6.834022	3.365939
0.127000	-3.347278	6.713237	3.365960
0.128000	-3.224076	6.590063	3.365988
0.129000	-3.098935	6.464945	3.366011
0.130000	-2.972328	6.338371	3.366042
0.131000	-2.844796	6.210867	3.366071
0.132000	-2.716900	6.082998	3.366098
0.133000	-2.589224	5.955362	3.366138
0.134000	-2.462407	5.828586	3.366179
0.135000	-2.337107	5.703324	3.366217
0.136000	-2.213985	5.580245	3.366260
0.137000	-2.093740	5.460036	3.366296
0.138000	-1.977047	5.343385	3.366338
0.139000	-1.864598	5.230978	3.366380
0.140000	-1.757073	5.123491	3.366419
0.141000	-1.655128	5.021580	3.366452
0.142000	-1.559377	4.925872	3.366494
0.143000	-1.470427	4.836957	3.366530
0.144000	-1.388813	4.755379	3.366566
0.145000	-1.315039	4.681629	3.366590
0.146000	-1.249524	4.616134	3.366611
0.147000	-1.192627	4.559256	3.366629
0.148000	-1.144637	4.511280	3.366642
0.149000	-1.105765	4.472414	3.366648
0.150000	-1.076137	4.442786	3.366649
0.151000	-1.055796	4.422438	3.366642
0.152000	-1.044707	4.411332	3.366625
0.153000	-1.042726	4.409345	3.366619
0.154000	-1.049685	4.416274	3.366589
0.155000	-1.065272	4.431843	3.366571
0.156000	-1.089160	4.455703	3.366543
0.157000	-1.120926	4.487440	3.366514
0.158000	-1.160106	4.526583	3.366477
0.159000	-1.206164	4.572612	3.366447
0.160000	-1.258548	4.624964	3.366415
0.161000	-1.316668	4.683041	3.366374
0.162000	-1.379895	4.746224	3.366329
0.163000	-1.447588	4.813875	3.366286
0.164000	-1.519101	4.885349	3.366248
0.165000	-1.593792	4.960001	3.366208
0.166000	-1.671020	5.037192	3.366173
0.167000	-1.750165	5.116299	3.366133
0.168000	-1.830613	5.196717	3.366105
0.169000	-1.911796	5.277868	3.366072
0.170000	-1.993156	5.359201	3.366045
0.171000	-2.074182	5.440201	3.366019
0.172000	-2.154396	5.520388	3.365991
0.173000	-2.233346	5.599321	3.365976
0.174000	-2.310648	5.676600	3.365952
0.175000	-2.385930	5.751865	3.365936
0.176000	-2.458878	5.824800	3.365923
0.177000	-2.529215	5.895127	3.365912
0.178000	-2.596714	5.962613	3.365899
0.179000	-2.661171	6.027063	3.365892
0.180000	-2.722429	6.088319	3.365890
0.181000	-2.780375	6.146266	3.365891
0.182000	-2.834930	6.200820	3.365890
0.183000	-2.886041	6.251934	3.365893
0.184000	-2.933694	6.299590	3.365896
0.185000	-2.977900	6.343801	3.365901
0.186000	-3.018703	6.384609	3.365906
0.187000	-3.056166	6.422081	3.365916
0.188000	-3.090384	6.456308	3.365925
0.189000	-3.121465	6.487400	3.365935
0.190000	-3.149542	6.515490	3.365947
0.191000	-3.174764	6.540724	3.365960
0.192000	-3.197294	6.563267	3.365973
0.193000	-3.217303	6.583295	3.365992
0.194000	-3.234990	6.600998	3.366008
0.195000	-3.250548	6.616571	3.366024
0.196000	-3.264181	6.630222	3.366041
0.197000	-3.276105	6.642163	3.366058
0.198000	-3.286532	6.652608	3.366076
0.199000	-3.295684	6.661777	3.366093
0.200000	-3.303780	6.669891	3.366111
0.201000	-3.311039	6.677171	3.366132
0.202000	-3.317687	6.683834	3.366146
0.203000	-3.323932	6.690096	3.366163
0.204000	-3.329989	6.696169	3.366181
0.205000	-3.336061	6.702260	3.366199
0.206000	-3.342358	6.708566	3.366208
0.207000	-3.349059	6.715281	3.366221
0.208000	-3.356354	6.722585	3.366231
0.209000	-3.364408	6.730651	3.366243
0.210000	-3.373389	6.739642	3.366253
0.211000	-3.383445	6.749705	3.366261
0.212000	-3.394702	6.760981	3.366278
0.213000	-3.407305	6.773589	3.366284
0.214000	-3.421347	6.787642	3.366296
0.215000	-3.436932	6.803234	3.366301
0.216000	-3.454139	6.820445	3.366306
0.217000	-3.473031	6.839340	3.366309
0.218000	-3.493658	6.859969	3.366311
0.219000	-3.516052	6.882364	3.366313
0.220000	-3.540232	6.906547	3.366315
0.221000	-3.566199	6.932516	3.366317
0.222000	-3.593944	6.960263	3.366319
0.223000	-3.623439	6.989759	3.366321
0.224000	-3.654645	7.020963	3.366318
0.225000	-3.687504	7.053821	3.366317
0.226000	-3.721950	7.088264	3.366313
0.227000	-3.757900	7.124210	3.366310
0.228000	-3.795266	7.161571	3.366304
0.229000	-3.833943	7.200243	3.366300
0.230000	-3.873819	7.240116	3.366297
0.231000	-3.914778	7.281070	3.366292
0.232000	-3.956695	7.322978	3.366283
0.233000	-3.999431	7.365708	3.366277
0.234000	-4.042853	7.409124	3.366271
0.235000	-4.086823	7.453085	3.366262
0.236000	-4.131193	7.497447	3.366254
0.237000	-4.175823	7.542067	3.366244
0.238000	-4.220563	7.586799	3.366236
0.239000	-4.265273	7.631502	3.366230
0.240000	-4.314409	7.678952	3.364543
0.241000	-4.364434	7.728967	3.364533
0.242000	-4.413899	7.778428	3.364529
0.243000	-4.462672	7.827193	3.364521
0.244000	-4.510611	7.875124	3.364513
0.245000	-4.557579	7.922086	3.364507
0.246000	-4.603452	7.967952	3.364500
0.247000	-4.648108	8.012604	3.364496
0.248000	-4.691436	8.055927	3.364491
0.249000	-4.733334	8.097818	3.364485
0.250000	-4.773696	8.138179	3.364482
0.251000	-4.812440	8.176918	3.364478
0.252000	-4.849480	8.213955	3.364475
0.253000	-4.884741	8.249213	3.364472
0.254000	-4.918158	8.282628	3.364470
0.255000	-4.949669	8.314138	3.364470
0.256000	-4.979224	8.343693	3.364469
0.257000	-5.006778	8.371246	3.364469
0.258000	-5.032292	8.396760	3.364468
0.259000	-5.055735	8.420203	3.364469
0.260000	-5.077081	8.441549	3.364469
0.261000	-5.096310	8.460777	3.364467
0.262000	-5.113407	8.477876	3.364469
0.263000	-5.128363	8.492834	3.364471
0.264000	-5.140629	8.497787	3.357158
0.265000	-5.135398	8.492552	3.357153
0.266000	-5.127666	8.484817	3.357150
0.267000	-5.117386	8.474533	3.357147
0.268000	-5.104513	8.461657	3.357144
0.269000	-5.089001	8.446141	3.357141
0.270000	-5.070809	8.427948	3.357139
0.271000	-5.049900	8.407036	3.357136
0.272000	-5.026235	8.383368	3.357132
0.273000	-4.999780	8.356910	3.357130
0.274000	-4.970505	8.327632	3.357127
0.275000	-4.943882	8.300866	3.356985
0.276000	-4.919609	8.276591	3.356983
0.277000	-4.892433	8.249413	3.356979
0.278000	-4.862322	8.219298	3.356977
0.279000	-4.829247	8.186220	3.356973
0.280000	-4.793186	8.150157	3.356971
0.281000	-4.754124	8.111093	3.356969
0.282000	-4.712048	8.069016	3.356968
0.283000	-4.666956	8.023922	3.356966
0.284000	-4.618848	7.975814	3.356966
0.285000	-4.567740	7.924705	3.356965
0.286000	-4.513647	7.870613	3.356966
0.287000	-4.456603	7.813570	3.356967
0.288000	-4.396646	7.753614	3.356968
0.289000	-4.333827	7.690801	3.356974
0.290000	-4.268216	7.625191	3.356975
0.291000	-4.199887	7.556864	3.356977
0.292000	-4.128932	7.485910	3.356979
0.293000	-4.055452	7.412437	3.356986
0.294000	-3.979571	7.336565	3.356994
0.295000	-3.901429	7.258432	3.357003
0.296000	-3.821183	7.178194	3.357011
0.297000	-3.739003	7.096023	3.357020
0.298000	-3.655077	7.012108	3.357031
0.299000	-3.569614	6.926657	3.357043
0.300000	-3.482835	6.839896	3.357060
0.301000	-3.394991	6.752068	3.357076
0.302000	-3.306341	6.663434	3.357092
0.303000	-3.217160	6.574272	3.357112
0.304000	-3.127749	6.484875	3.357126
0.305000	-3.045166	6.399184	3.354018
0.306000	-2.963460	6.317498	3.354038
0.307000	-2.882439	6.236498	3.354059
0.308000	-2.802451	6.156529	3.354079
0.309000	-2.723842	6.077943	3.354101
0.310000	-2.646973	6.001097	3.354124
0.311000	-2.572209	5.926351	3.354141
0.312000	-2.499902	5.854063	3.354161
0.313000	-2.430403	5.784589	3.354186
0.314000	-2.364069	5.718277	3.354208
0.315000	-2.301243	5.655468	3.354225
0.316000	-2.242242	5.596486	3.354244
0.317000	-2.187381	5.541641	3.354260
0.318000	-2.136946	5.491222	3.354276
0.319000	-2.091210	5.445496	3.354286
0.320000	-2.050407	5.404703	3.354296
0.321000	-2.014744	5.369055	3.354311
0.322000	-1.984416	5.338736	3.354319
0.323000	-1.959572	5.313893	3.354321
0.324000	-1.940316	5.294642	3.354326
0.325000	-1.926739	5.281064	3.354325
0.326000	-1.918866	5.273201	3.354335
0.327000	-1.916727	5.271061	3.354334
0.328000	-1.920285	5.274616	3.354330
0.329000	-1.929476	5.283800	3.354324
0.330000	-1.944200	5.298516	3.354316
0.331000	-1.964327	5.318633	3.354306
0.332000	-1.989685	5.343987	3.354302
0.333000	-2.020099	5.374387	3.354287
0.334000	-2.055347	5.409615	3.354267
0.335000	-2.095181	5.449430	3.354249
0.336000	-2.139341	5.493569	3.354229
0.337000	-2.187540	5.541753	3.354213
0.338000	-2.239491	5.593686	3.354195
0.339000	-2.294888	5.649061	3.354174
0.340000	-2.354962	5.709381	3.354419
0.341000	-2.420011	5.774405	3.354394
0.342000	-2.487669	5.842040	3.354371
0.343000	-2.557604	5.911961	3.354357
0.344000	-2.629511	5.983847	3.354336
0.345000	-2.703065	6.057380	3.354315
0.346000	-2.777960	6.132250	3.354291
0.347000	-2.853880	6.208157	3.354277
0.348000	-2.930550	6.284807	3.354257
0.349000	-3.007685	6.361923	3.354239
0.350000	-3.085012	6.439236	3.354223
0.351000	-3.162284	6.516494	3.354210
0.352000	-3.239262	6.593459	3.354197
0.353000	-3.315724	6.669908	3.354183
0.354000	-3.391453	6.745632	3.354179
0.355000	-3.466272	6.820441	3.354169
0.356000	-3.540001	6.894159	3.354158
0.357000	-3.612475	6.966626	3.354151
0.358000	-3.683551	7.037697	3.354146
0.359000	-3.753102	7.107242	3.354140
0.360000	-3.821010	7.175146	3.354136
0.361000	-3.887172	7.241308	3.354136
0.362000	-3.951505	7.305641	3.354136
0.363000	-4.013937	7.368070	3.354133
0.364000	-4.074400	7.428531	3.354131
0.365000	-4.132841	7.486975	3.354135
0.366000	-4.189226	7.543360	3.354134
0.367000	-4.243522	7.597657	3.354135
0.368000	-4.295704	7.649841	3.354137
0.369000	-4.345762	7.699902	3.354140
0.370000	-4.393692	7.747834	3.354142
0.371000	-4.443534	7.796227	3.352693
0.372000	-4.492400	7.845095	3.352695
0.373000	-4.539174	7.891872	3.352698
0.374000	-4.583875	7.936577	3.352702
0.375000	-4.632614	7.983418	3.350804
0.376000	-4.681617	8.032427	3.350810
0.377000	-4.728633	8.079447	3.350813
0.378000	-4.773689	8.124508	3.350819
0.379000	-4.816822	8.167643	3.350821
0.380000	-4.858059	8.208884	3.350825
0.381000	-4.897439	8.248269	3.350830
0.382000	-4.934998	8.285831	3.350834
0.383000	-4.970770	8.321608	3.350837
0.384000	-5.004794	8.355635	3.350841
0.385000	-5.037104	8.387948	3.350844
0.386000	-5.067736	8.418583	3.350847
0.387000	-5.096724	8.447574	3.350850
0.388000	-5.124101	8.474955	3.350853
0.389000	-5.149900	8.500756	3.350856
0.390000	-5.174151	8.525010	3.350859
0.391000	-5.197203	8.548040	3.350838
0.392000	-5.219286	8.570124	3.350837
0.393000	-5.240380	8.591217	3.350837
0.394000	-5.260473	8.611309	3.350836
0.395000	-5.279551	8.630384	3.350834
0.396000	-5.297596	8.648428	3.350832
0.397000	-5.314592	8.665422	3.350831
0.398000	-5.330523	8.681353	3.350829
0.399000	-5.345369	8.696197	3.350828
0.400000	-5.359108	8.709934	3.350826
0.401000	-5.371717	8.722542	3.350825
0.402000	-5.383172	8.733995	3.350823
0.403000	-5.393446	8.744267	3.350820
0.404000	-5.402510	8.753328	3.350818
0.405000	-5.410333	8.761148	3.350816
0.406000	-5.416881	8.767693	3.350811
0.407000	-5.422120	8.772928	3.350809
0.408000	-5.426009	8.776814	3.350805
0.409000	-5.428511	8.779312	3.350801
0.410000	-5.429580	8.780377	3.350797
0.411000	-5.429173	8.779966	3.350794
0.412000	-5.427238	8.778028	3.350789
0.413000	-5.423728	8.774513	3.350785
0.414000	-5.418588	8.769368	3.350780
0.415000	-5.411762	8.762536	3.350774
0.416000	-5.403192	8.753960	3.350768
0.417000	-5.392815	8.743579	3.350764
0.418000	-5.380570	8.731328	3.350758
0.419000	-5.366391	8.717143	3.350752
0.420000	-5.350211	8.700958	3.350747
0.421000	-5.331961	8.682700	3.350739
0.422000	-5.311569	8.662301	3.350732
0.423000	-5.288964	8.639690	3.350727
0.424000	-5.264073	8.614794	3.350720
0.425000	-5.236826	8.587538	3.350712
0.426000	-5.207149	8.557854	3.350705
0.427000	-5.174968	8.525666	3.350698
0.428000	-5.140217	8.490908	3.350691
0.429000	-5.102823	8.453508	3.350685
0.430000	-5.062727	8.413406	3.350679
0.431000	-5.019866	8.370539	3.350673
0.432000	-4.974185	8.324852	3.350667
0.433000	-4.925637	8.276297	3.350660
0.434000	-4.874177	8.224833	3.350655
0.435000	-4.819773	8.170426	3.350654
0.436000	-4.762406	8.113056	3.350650
0.437000	-4.702065	8.052712	3.350648
0.438000	-4.638754	7.989399	3.350645
0.439000	-4.572494	7.923136	3.350642
0.440000	-4.503315	7.853958	3.350643
0.441000	-4.431278	7.781920	3.350643
0.442000	-4.356450	7.707099	3.350649
0.443000	-4.278937	7.629592	3.350655
0.444000	-4.198861	7.549521	3.350660
0.445000	-4.116365	7.467035	3.350670
0.446000	-4.031627	7.382307	3.350680
0.447000	-3.944849	7.295544	3.350695
0.448000	-3.856266	7.206976	3.350710
0.449000	-3.766141	7.116868	3.350727
0.450000	-3.674774	7.025516	3.350742
0.451000	-3.582485	6.933244	3.350758
0.452000	-3.489625	6.840408	3.350782
0.453000	-3.396587	6.747394	3.350807
0.454000	-3.303777	6.654614	3.350838
0.455000	-3.211643	6.562509	3.350866
0.456000	-3.120644	6.471539	3.350895
0.457000	-3.031270	6.382187	3.350918
0.458000	-2.944002	6.294950	3.350949
0.459000	-2.859361	6.210337	3.350976
0.460000	-2.777848	6.128860	3.351012
0.461000	-2.700001	6.051034	3.351034
0.462000	-2.626305	5.977369	3.351064
0.463000	-2.559692	5.910530	3.350838
0.464000	-2.500085	5.850953	3.350868
0.465000	-2.446002	5.796899	3.350898
0.466000	-2.397873	5.748785	3.350912
0.467000	-2.356056	5.706986	3.350931
0.468000	-2.320875	5.671837	3.350963
0.469000	-2.292642	5.643618	3.350976
0.470000	-2.271569	5.622556	3.350987
0.471000	-2.257824	5.608822	3.350997
0.472000	-2.251518	5.602523	3.351005
0.473000	-2.252697	5.603703	3.351006
0.474000	-2.261351	5.612344	3.350993
0.475000	-2.277376	5.628362	3.350986
0.476000	-2.300656	5.651612	3.350956
0.477000	-2.330947	5.681887	3.350940
0.478000	-2.368005	5.718926	3.350922
0.479000	-2.411511	5.762417	3.350906
0.480000	-2.461114	5.811998	3.350884
0.481000	-2.516416	5.867267	3.350851
0.482000	-2.576966	5.927788	3.350822
0.483000	-2.642306	5.993097	3.350791
0.484000	-2.711946	6.062704	3.350759
0.485000	-2.785382	6.136110	3.350728
0.486000	-2.862103	6.212802	3.350698
0.487000	-2.941601	6.292267	3.350666
0.488000	-3.023358	6.373994	3.350636
0.489000	-3.106881	6.457481	3.350600
0.490000	-3.191659	6.542239	3.350580
0.491000	-3.277246	6.627796	3.350550
0.492000	-3.363174	6.713701	3.350527
0.493000	-3.449030	6.799525	3.350495
0.494000	-3.534398	6.884866	3.350468
0.495000	-3.618897	6.969350	3.350453
0.496000	-3.702189	7.052629	3.350440
0.497000	-3.783962	7.134383	3.350421
0.498000	-3.863922	7.214326	3.350404
0.499000	-3.941798	7.292192	3.350394
0.500000	-4.017365	7.367750	3.350386
0.501000	-4.090413	7.440788	3.350376
0.502000	-4.160759	7.511125	3.350366
0.503000	-4.228238	7.578598	3.350359
0.504000	-4.292716	7.643066	3.350350
0.505000	-4.354063	7.704411	3.350348
0.506000	-4.412183	7.762527	3.350343
0.507000	-4.466981	7.817326	3.350344
0.508000	-4.518392	7.868734	3.350343
0.509000	-4.566340	7.916686	3.350346
0.510000	-4.610784	7.961128	3.350344
0.511000	-4.651670	8.002012	3.350342
0.512000	-4.688954	8.039298	3.350344
0.513000	-4.722605	8.072947	3.350342
0.514000	-4.752581	8.102924	3.350343
0.515000	-4.778857	8.129198	3.350341
0.516000	-4.801391	8.151732	3.350342
0.517000	-4.820153	8.170493	3.350340
0.518000	-4.835105	8.185443	3.350338
0.519000	-4.846206	8.196541	3.350335
0.520000	-4.853412	8.203744	3.350332
0.521000	-4.856675	8.207002	3.350327
0.522000	-4.855937	8.206263	3.350326
0.523000	-4.851147	8.201467	3.350320
0.524000	-4.842236	8.192551	3.350315
0.525000	-4.829141	8.179449	3.350308
0.526000	-4.811785	8.162087	3.350302
0.527000	-4.790094	8.140388	3.350294
0.528000	-4.763984	8.114271	3.350287
0.529000	-4.733375	8.083654	3.350280
0.530000	-4.685483	8.039532	3.354049
0.531000	-4.627629	7.981656	3.354027
0.532000	-4.564608	7.918613	3.354006
0.533000	-4.496184	7.850170	3.353986
0.534000	-4.422131	7.776096	3.353966
0.535000	-4.342231	7.696175	3.353944
0.536000	-4.256277	7.610199	3.353922
0.537000	-4.164077	7.517981	3.353904
0.538000	-4.065466	7.419354	3.353888
0.539000	-3.960300	7.314173	3.353872
0.540000	-3.848468	7.202327	3.353858
0.541000	-3.729888	7.083735	3.353847
0.542000	-3.604519	6.958358	3.353839
0.543000	-3.472365	6.826199	3.353834
0.544000	-3.333487	6.687315	3.353828
0.545000	-3.187984	6.541812	3.353828
0.546000	-3.036031	6.389863	3.353831
0.547000	-2.877856	6.231699	3.353843
0.548000	-2.713773	6.067625	3.353852
0.549000	-2.544147	5.898020	3.353872
0.550000	-2.369443	5.723338	3.353895
0.551000	-2.190188	5.544114	3.353926
0.552000	-2.007007	5.360962	3.353955
0.553000	-1.820583	5.174580	3.353997
0.554000	-1.631704	4.985745	3.354041
0.555000	-1.441216	4.795310	3.354094
0.556000	-1.250046	4.604202	3.354156
0.557000	-1.059194	4.413412	3.354217
0.558000	-0.869717	4.223991	3.354274
0.559000	-0.682705	4.037039	3.354334
0.560000	-0.499286	3.853689	3.354403
0.561000	-0.320629	3.675100	3.354471
0.562000	-0.147903	3.502438	3.354535
0.563000	0.017734	3.336861	3.354595
0.564000	0.175161	3.179505	3.354666
0.565000	0.323267	3.031464	3.354731
0.566000	0.461022	2.893771	3.354793
0.567000	0.587456	2.767391	3.354846
0.568000	0.701703	2.653193	3.354896
0.569000	0.802983	2.551945	3.354928
0.570000	0.890653	2.464300	3.354952
0.571000	0.964194	2.390781	3.354975
0.572000	1.023213	2.331778	3.354991
0.573000	1.067470	2.287543	3.355013
0.574000	1.096830	2.258182	3.355012
0.575000	1.111338	2.243660	3.354998
0.576000	1.111182	2.243802	3.354985
0.577000	1.096659	2.258297	3.354957
0.578000	1.068216	2.286707	3.354923
0.579000	1.026418	2.328473	3.354891
0.580000	0.971906	2.382928	3.354834
0.581000	0.905473	2.449311	3.354784
0.582000	0.827947	2.526775	3.354723
0.583000	0.740259	2.614405	3.354664
0.584000	0.643378	2.711228	3.354607
0.585000	0.538316	2.816232	3.354549
0.586000	0.426113	2.928376	3.354489
0.587000	0.307826	3.046604	3.354429
0.588000	0.184516	3.169859	3.354375
0.589000	0.057213	3.297095	3.354308
0.590000	-0.073029	3.427285	3.354257
0.591000	-0.205237	3.559437	3.354200
0.592000	-0.338437	3.692596	3.354159
0.593000	-0.471753	3.825860	3.354107
0.594000	-0.604310	3.958378	3.354069
0.595000	-0.735337	4.089364	3.354027
0.596000	-0.864105	4.218097	3.353992
0.597000	-0.989966	4.343925	3.353958
0.598000	-1.112338	4.466269	3.353930
0.599000	-1.230718	4.584625	3.353906
0.600000	-1.344666	4.698564	3.353898
0.601000	-1.453842	4.807732	3.353889
0.602000	-1.557960	4.911848	3.353888
0.603000	-1.656821	5.010706	3.353885
0.604000	-1.750283	5.104168	3.353885
0.605000	-1.838274	5.192166	3.353892
0.606000	-1.920798	5.274695	3.353897
0.607000	-1.997898	5.351810	3.353912
0.608000	-2.069701	5.423623	3.353922
0.609000	-2.136354	5.490299	3.353945
0.610000	-2.198079	5.552046	3.353967
0.611000	-2.255127	5.609118	3.353990
0.612000	-2.307784	5.661800	3.354017
0.613000	-2.356371	5.710412	3.354041
0.614000	-2.401224	5.755296	3.354072
0.615000	-2.443712	5.800258	3.356546
0.616000	-2.489147	5.845718	3.356571
0.617000	-2.532017	5.888617	3.356600
0.618000	-2.572687	5.929316	3.356628
0.619000	-2.611524	5.968174	3.356649
0.620000	-2.648859	6.005539	3.356680
0.621000	-2.685047	6.041748	3.356701
0.622000	-2.720392	6.077115	3.356723
0.623000	-2.755185	6.111934	3.356749
0.624000	-2.789705	6.146469	3.356764
0.625000	-2.824179	6.180956	3.356777
0.626000	-2.858802	6.215596	3.356794
0.627000	-2.893762	6.250556	3.356794
0.628000	-2.929156	6.285964	3.356807
0.629000	-2.965099	6.321912	3.356812
0.630000	-3.001637	6.358451	3.356814
0.631000	-3.038777	6.395597	3.356820
0.632000	-3.076512	6.433327	3.356814
0.633000	-3.114766	6.471579	3.356813
0.634000	-3.153461	6.510262	3.356801
0.635000	-3.192454	6.549247	3.356793
0.636000	-3.231599	6.588381	3.356782
0.637000	-3.270714	6.627482	3.356769
0.638000	-3.309587	6.666348	3.356761
0.639000	-3.348001	6.704753	3.356751
0.640000	-3.385727	6.742460	3.356733
0.641000	-3.422504	6.779218	3.356713
0.642000	-3.458069	6.814768	3.356699
0.643000	-3.492169	6.848849	3.356680
0.644000	-3.524535	6.881198	3.356663
0.645000	-3.554909	6.911556	3.356647
0.646000	-3.583038	6.939671	3.356632
0.647000	-3.608676	6.965296	3.356620
0.648000	-3.631603	6.988206	3.356603
0.649000	-3.651593	7.008182	3.356588
0.650000	-3.668449	7.025027	3.356578
0.651000	-3.681998	7.038564	3.356566
0.652000	-3.692076	7.048635	3.356558
0.653000	-3.698555	7.055104	3.356548
0.654000	-3.701321	7.057861	3.356540
0.655000	-3.700284	7.056820	3.356537
0.656000	-3.695388	7.051920	3.356533
0.657000	-3.686590	7.043123	3.356533
0.658000	-3.673882	7.030415	3.356532
0.659000	-3.657279	7.013809	3.356530
0.660000	-3.636802	6.993339	3.356537
0.661000	-3.612516	6.969062	3.356546
0.662000	-3.584504	6.941054	3.356550
0.663000	-3.552859	6.909411	3.356552
0.664000	-3.517686	6.874247	3.356561
0.665000	-3.479117	6.835688	3.356571
0.666000	-3.437291	6.793872	3.356580
0.667000	-3.392352	6.748950	3.356598
0.668000	-3.344474	6.701075	3.356600
0.669000	-3.293797	6.650406	3.356609
0.670000	-3.240486	6.597103	3.356617
0.671000	-3.184699	6.541322	3.356623
0.672000	-3.126584	6.483212	3.356628
0.673000	-3.066286	6.422917	3.356631
0.674000	-3.003924	6.360564	3.356640
0.675000	-2.939629	6.296269	3.356640
0.676000	-2.873477	6.230128	3.356650
0.677000	-2.805576	6.162220	3.356644
0.678000	-2.735951	6.092598	3.356647
0.679000	-2.664654	6.021297	3.356642
0.680000	-2.591685	5.948325	3.356640
0.681000	-2.517036	5.873668	3.356632
0.682000	-2.440665	5.797287	3.356623
0.683000	-2.362506	5.719121	3.356615
0.684000	-2.282487	5.639087	3.356600
0.685000	-2.200494	5.557086	3.356592
0.686000	-2.116420	5.473001	3.356581
0.687000	-2.030143	5.386709	3.356566
0.688000	-1.941534	5.298078	3.356543
0.689000	-1.850446	5.206975	3.356529
0.690000	-1.756761	5.113278	3.356518
0.691000	-1.660372	5.016876	3.356504
0.692000	-1.561185	4.917678	3.356494
0.693000	-1.459142	4.815625	3.356483
0.694000	-1.354222	4.710694	3.356472
0.695000	-1.246442	4.602909	3.356467
0.696000	-1.135874	4.492350	3.356476
0.697000	-1.022678	4.379156	3.356478
0.698000	-0.907050	4.263542	3.356492
0.699000	-0.789301	4.145798	3.356497
0.700000	-0.669781	4.026301	3.356519
0.701000	-0.548961	3.905513	3.356553
0.702000	-0.427401	3.783992	3.356591
0.703000	-0.305754	3.662388	3.356634
0.704000	-0.184764	3.541445	3.356681
0.705000	-0.065265	3.421998	3.356733
0.706000	0.051833	3.304966	3.356799
0.707000	0.165518	3.191343	3.356862
0.708000	0.274738	3.082191	3.356928
0.709000	0.378377	2.978620	3.356997
0.710000	0.475290	2.881779	3.357069
0.711000	0.564320	2.792830	3.357149
0.712000	0.644279	2.712930	3.357209
0.713000	0.714071	2.643211	3.357282
0.714000	0.772591	2.584753	3.357344
0.715000	0.818833	2.538563	3.357396
0.716000	0.851904	2.505551	3.357455
0.717000	0.870983	2.486511	3.357493
0.718000	0.875420	2.482097	3.357517
0.719000	0.864729	2.492810	3.357538
0.720000	0.838564	2.518985	3.357549
0.721000	0.796768	2.560782	3.357550
0.722000	0.739359	2.618179	3.357538
0.723000	0.666543	2.690975	3.357518
0.724000	0.578695	2.778793	3.357488
0.725000	0.476344	2.881089	3.357433
0.726000	0.360206	2.997163	3.357369
0.727000	0.231139	3.126179	3.357318
0.728000	0.090083	3.267179	3.357262
0.729000	-0.061922	3.419106	3.357184
0.730000	-0.223716	3.580827	3.357111
0.731000	-0.394116	3.751152	3.357036
0.732000	-0.571898	3.928859	3.356961
0.733000	-0.755834	4.112714	3.356880
0.734000	-0.944675	4.301489	3.356814
0.735000	-1.137239	4.493983	3.356744
0.736000	-1.332353	4.689034	3.356681
0.737000	-1.528919	4.885539	3.356619
0.738000	-1.725886	5.082451	3.356565
0.739000	-1.922285	5.278803	3.356518
0.740000	-2.117233	5.473706	3.356473
0.741000	-2.309913	5.666350	3.356438
0.742000	-2.499609	5.856012	3.356403
0.743000	-2.685677	6.042053	3.356376
0.744000	-2.867562	6.223914	3.356352
0.745000	-3.044777	6.401118	3.356341
0.746000	-3.216936	6.573264	3.356328
0.747000	-3.383700	6.740021	3.356321
0.748000	-3.544807	6.901126	3.356319
0.749000	-3.700061	7.056376	3.356315
0.750000	-3.849305	7.205622	3.356317
0.751000	-3.992445	7.348768	3.356323
0.752000	-4.129430	7.485762	3.356332
0.753000	-4.260251	7.616590	3.356339
0.754000	-4.384917	7.741274	3.356357
0.755000	-4.503498	7.859864	3.356366
0.756000	-4.616054	7.972436	3.356382
0.757000	-4.722694	8.079090	3.356396
0.758000	-4.823526	8.179941	3.356415
0.759000	-4.918691	8.275120	3.356429
0.760000	-5.008323	8.364769	3.356446
0.761000	-5.092576	8.449039	3.356463
0.762000	-5.171609	8.528090	3.356480
0.763000	-5.245584	8.602080	3.356496
0.764000	-5.314669	8.671180	3.356511
0.765000	-5.379030	8.735558	3.356527
0.766000	-5.438834	8.795379	3.356544
0.767000	-5.494250	8.850814	3.356564
0.768000	-5.545447	8.902025	3.356578
0.769000	-5.592584	8.949177	3.356593
0.770000	-5.635824	8.992432	3.356607
0.771000	-5.675323	9.031943	3.356621
0.772000	-5.711233	9.067866	3.356633
0.773000	-5.743703	9.100349	3.356646
0.774000	-5.772878	9.129536	3.356658
0.775000	-5.798896	9.155565	3.356669
0.776000	-5.821893	9.178574	3.356681
0.777000	-5.815081	9.183524	3.368443
0.778000	-5.800965	9.169400	3.368435
0.779000	-5.781816	9.150241	3.368425
0.780000	-5.757522	9.125937	3.368414
0.781000	-5.727961	9.096362	3.368402
0.782000	-5.692992	9.061380	3.368388
0.783000	-5.652471	9.020844	3.368373
0.784000	-5.606236	8.974594	3.368359
0.785000	-5.554119	8.922460	3.368341
0.786000	-5.495947	8.864269	3.368322
0.787000	-5.431541	8.799844	3.368302
0.788000	-5.360721	8.729005	3.368284
0.789000	-5.283308	8.651574	3.368267
0.790000	-5.199136	8.567383	3.368247
0.791000	-5.108041	8.476270	3.368229
0.792000	-5.009877	8.378090	3.368213
0.793000	-4.904526	8.272721	3.368196
0.794000	-4.791884	8.160068	3.368184
0.795000	-4.671896	8.040068	3.368172
0.796000	-4.544535	7.912701	3.368165
0.797000	-4.409834	7.777997	3.368163
0.798000	-4.267880	7.636042	3.368162
0.799000	-4.118830	7.486991	3.368161
0.800000	-3.962903	7.331072	3.368169
0.801000	-3.800410	7.168597	3.368187
0.802000	-3.631764	6.999972	3.368207
0.803000	-3.457465	6.825701	3.368237
0.804000	-3.278132	6.646399	3.368266
0.805000	-3.094478	6.462790	3.368313
0.806000	-2.907360	6.275722	3.368362
0.807000	-2.717734	6.086155	3.368421
0.808000	-2.526682	5.895173	3.368491
0.809000	-2.335404	5.703975	3.368570
0.810000	-2.145211	5.513866	3.368655
0.811000	-1.957503	5.326252	3.368749
0.812000	-1.773782	5.142622	3.368840
0.813000	-1.595598	4.964531	3.368933
0.814000	-1.424548	4.793575	3.369027
0.815000	-1.262238	4.631370	3.369133
0.816000	-1.110289	4.479519	3.369230
0.817000	-0.970267	4.339584	3.369317
0.818000	-0.843651	4.213052	3.369401
0.819000	-0.731829	4.101302	3.369473
0.820000	-0.636035	4.005573	3.369538
0.821000	-0.557344	3.926934	3.369589
0.822000	-0.496616	3.866255	3.369638
0.823000	-0.454526	3.824189	3.369663
0.824000	-0.431470	3.801151	3.369681
0.825000	-0.427622	3.797309	3.369687
0.826000	-0.442914	3.812576	3.369662
0.827000	-0.477003	3.846620	3.369617
0.828000	-0.529298	3.898865	3.369567
0.829000	-0.599015	3.968513	3.369498
0.830000	-0.685142	4.054561	3.369419
0.831000	-0.786496	4.155833	3.369337
0.832000	-0.901750	4.271001	3.369251
0.833000	-1.029473	4.398626	3.369153
0.834000	-1.168118	4.537182	3.369064
0.835000	-1.316129	4.685095	3.368966
0.836000	-1.471901	4.840774	3.368873
0.837000	-1.633859	5.002634	3.368775
0.838000	-1.800443	5.169133	3.368690
0.839000	-1.970174	5.338786	3.368612
0.840000	-2.141658	5.510188	3.368530
0.841000	-2.313565	5.682030	3.368465
0.842000	-2.484708	5.853106	3.368398
0.843000	-2.653982	6.022329	3.368347
0.844000	-2.820423	6.188725	3.368302
0.845000	-2.983174	6.351445	3.368271
0.846000	-3.141510	6.509755	3.368245
0.847000	-3.294812	6.663035	3.368224
0.848000	-3.442571	6.810779	3.368208
0.849000	-3.584376	6.952579	3.368204
0.850000	-3.719923	7.088126	3.368203
0.851000	-3.848995	7.217194	3.368199
0.852000	-3.971432	7.339640	3.368208
0.853000	-4.087174	7.455387	3.368212
0.854000	-4.196196	7.564422	3.368226
0.855000	-4.298542	7.666785	3.368243
0.856000	-4.394299	7.762562	3.368264
0.857000	-4.483593	7.851876	3.368283
0.858000	-4.566577	7.934880	3.368303
0.859000	-4.643432	8.011759	3.368327
0.860000	-4.714360	8.082710	3.368351
0.861000	-4.779580	8.147953	3.368373
0.862000	-4.839319	8.207715	3.368396
0.863000	-4.893811	8.262229	3.368418
0.864000	-4.943294	8.311735	3.368441
0.865000	-4.988011	8.356476	3.368464
0.866000	-5.028201	8.396688	3.368487
0.867000	-5.064102	8.432610	3.368507
0.868000	-5.042240	8.434027	3.391787
0.869000	-5.009897	8.401673	3.391777
0.870000	-4.974816	8.366586	3.391769
0.871000	-4.936916	8.328676	3.391760
0.872000	-4.896111	8.287861	3.391750
0.873000	-4.852322	8.244064	3.391743
0.874000	-4.805479	8.197216	3.391737
0.875000	-4.755525	8.147255	3.391730
0.876000	-4.702408	8.094130	3.391722
0.877000	-4.646083	8.037803	3.391720
0.878000	-4.586531	7.978245	3.391714
0.879000	-4.523736	7.915449	3.391713
0.880000	-4.457709	7.849422	3.391713
0.881000	-4.388478	7.780187	3.391709
0.882000	-4.316083	7.707795	3.391712
0.883000	-4.240599	7.632314	3.391716
0.884000	-4.162117	7.553840	3.391722
0.885000	-4.080767	7.472496	3.391729
0.886000	-3.996696	7.388433	3.391737
0.887000	-3.910084	7.301834	3.391750
0.888000	-3.821154	7.212911	3.391757
0.889000	-3.730146	7.121915	3.391769
0.890000	-3.637338	7.029123	3.391786
0.891000	-3.543048	6.934854	3.391805
0.892000	-3.447630	6.839454	3.391824
0.893000	-3.351456	6.743309	3.391853
0.894000	-3.254954	6.646834	3.391880
0.895000	-3.158570	6.550474	3.391903
0.896000	-3.062774	6.454706	3.391932
0.897000	-2.968060	6.360026	3.391966
0.898000	-2.874959	6.266958	3.391999
0.899000	-2.787258	6.178732	3.391475
0.900000	-2.704369	6.095873	3.391505
0.901000	-2.624673	6.016210	3.391537
0.902000	-2.548710	5.940289	3.391578
0.903000	-2.477030	5.868643	3.391614
0.904000	-2.410151	5.801795	3.391644
0.905000	-2.348566	5.740241	3.391675
0.906000	-2.292742	5.684446	3.391704
0.907000	-2.243108	5.634836	3.391728
0.908000	-2.200047	5.591793	3.391746
0.909000	-2.163878	5.555646	3.391768
0.910000	-2.134883	5.526668	3.391785
0.911000	-2.113286	5.505068	3.391782
0.912000	-2.099200	5.490991	3.391790
0.913000	-2.092720	5.484511	3.391791
0.914000	-2.094258	5.488425	3.394167
0.915000	-2.108572	5.502728	3.394156
0.916000	-2.130368	5.524511	3.394144
0.917000	-2.159447	5.553576	3.394128
0.918000	-2.195546	5.589655	3.394109
0.919000	-2.238338	5.632427	3.394089
0.920000	-2.287456	5.681513	3.394057
0.921000	-2.342465	5.736491	3.394026
0.922000	-2.402903	5.796896	3.393993
0.923000	-2.468265	5.862231	3.393966
0.924000	-2.538049	5.931974	3.393926
0.925000	-2.611689	6.005584	3.393895
0.926000	-2.688655	6.082511	3.393857
0.927000	-2.768385	6.162201	3.393816
0.928000	-2.850323	6.244103	3.393780
0.929000	-2.933932	6.327677	3.393745
0.930000	-3.018685	6.412396	3.393711
0.931000	-3.104067	6.497756	3.393689
0.932000	-3.189613	6.583273	3.393661
0.933000	-3.274857	6.668495	3.393638
0.934000	-3.359375	6.752996	3.393621
0.935000	-3.442782	6.836384	3.393602
0.936000	-3.524719	6.918301	3.393582
0.937000	-3.604857	6.998421	3.393564
0.938000	-3.682904	7.076455	3.393552
0.939000	-3.758605	7.152145	3.393540
0.940000	-3.831734	7.225269	3.393536
0.941000	-3.902109	7.295635	3.393526
0.942000	-3.969561	7.363081	3.393520
0.943000	-4.033959	7.427477	3.393518
0.944000	-4.095200	7.488716	3.393517
0.945000	-4.153207	7.546721	3.393514
0.946000	-4.207920	7.601433	3.393513
0.947000	-4.259305	7.652821	3.393516
0.948000	-4.307348	7.700868	3.393520
0.949000	-4.352053	7.745575	3.393522
0.950000	-4.393435	7.786962	3.393528
0.951000	-4.431526	7.825058	3.393532
0.952000	-4.466369	7.859907	3.393538
0.953000	-4.498018	7.891564	3.393546
0.954000	-4.526538	7.920089	3.393551
0.955000	-4.551994	7.945556	3.393562
0.956000	-4.574470	7.968039	3.393569
0.957000	-4.594044	7.987622	3.393578
0.958000	-4.610802	8.004388	3.393586
0.959000	-4.624835	8.018429	3.393594
0.960000	-4.636232	8.029835	3.393603
0.961000	-4.645090	8.038700	3.393610
0.962000	-4.651503	8.045121	3.393619
0.963000	-4.655565	8.049193	3.393629
0.964000	-4.657376	8.051012	3.393636
0.965000	-4.657028	8.050673	3.393645
0.966000	-4.654621	8.048273	3.393652
0.967000	-4.650249	8.043908	3.393659
0.968000	-4.644006	8.037672	3.393666
0.969000	-4.635986	8.029659	3.393673
0.970000	-4.626283	8.019963	3.393680
0.971000	-4.614991	8.008677	3.393687
0.972000	-4.602200	7.995893	3.393694
0.973000	-4.588002	7.981702	3.393700
0.974000	-4.572485	7.966194	3.393709
0.975000	-4.555747	7.949461	3.393714
0.976000	-4.537869	7.931589	3.393719
0.977000	-4.518942	7.912668	3.393726
0.978000	-4.499056	7.892788	3.393732
0.979000	-4.478297	7.872036	3.393739
0.980000	-4.456756	7.850501	3.393745
0.981000	-4.434518	7.828272	3.393754
0.982000	-4.411673	7.805434	3.393761
0.983000	-4.388312	7.782078	3.393766
0.984000	-4.364515	7.758291	3.393776
0.985000	-4.340379	7.734160	3.393782
0.986000	-4.315987	7.709776	3.393789
0.987000	-4.291430	7.685224	3.393795
0.988000	-4.268784	7.662286	3.393502
0.989000	-4.247511	7.641016	3.393505
0.990000	-4.226280	7.619789	3.393508
0.991000	-4.205173	7.598686	3.393512
0.992000	-4.184273	7.577793	3.393520
0.993000	-4.163668	7.557190	3.393522
0.994000	-4.143433	7.536961	3.393528
0.995000	-4.123654	7.517186	3.393532
0.996000	-4.104404	7.497944	3.393540
0.997000	-4.085769	7.479310	3.393541
0.998000	-4.067816	7.461362	3.393546
0.999000	-4.050618	7.444170	3.393552
1.000000	-4.034250	7.427805	3.393555
1.001000	-4.018776	7.412333	3.393558
1.002000	-4.004255	7.397819	3.393564
1.003000	-3.990752	7.384319	3.393567
1.004000	-3.978322	7.371890	3.393569
1.005000	-3.967012	7.360582	3.393570
1.006000	-3.956865	7.350443	3.393578
1.007000	-3.947934	7.341512	3.393578
1.008000	-3.940246	7.333825	3.393579
1.009000	-3.933831	7.327411	3.393580
1.010000	-3.928713	7.322297	3.393584
1.011000	-3.924918	7.318500	3.393582
1.012000	-3.922447	7.316032	3.393585
1.013000	-3.921313	7.314900	3.393587
1.014000	-3.921515	7.315104	3.393589
1.015000	-3.923047	7.316636	3.393589
1.016000	-3.925898	7.319486	3.393589
1.017000	-3.930054	7.323635	3.393581
1.018000	-3.935475	7.329057	3.393582
1.019000	-3.942142	7.335724	3.393582
1.020000	-3.950018	7.343597	3.393579
1.021000	-3.959062	7.352637	3.393575
1.022000	-3.969226	7.362798	3.393572
1.023000	-3.980462	7.374029	3.393567
1.024000	-3.992708	7.386272	3.393564
1.025000	-4.005908	7.399470	3.393562
1.026000	-4.020006	7.413557	3.393551
1.027000	-4.034921	7.428471	3.393549
1.028000	-4.050592	7.444139	3.393547
1.029000	-4.066948	7.460491	3.393543
1.030000	-4.083914	7.477453	3.393538
1.031000	-4.101417	7.494950	3.393533
1.032000	-4.119380	7.512907	3.393527
1.033000	-4.137728	7.531248	3.393519
1.034000	-4.156382	7.549895	3.393513
1.035000	-4.175264	7.568772	3.393507
1.036000	-4.194299	7.587804	3.393505
1.037000	-4.213413	7.606917	3.393504
1.038000	-4.232534	7.626036	3.393501
1.039000	-4.251593	7.645088	3.393496
1.040000	-4.270517	7.664008	3.393491
1.041000	-4.289236	7.682726	3.393490
1.042000	-4.307690	7.701177	3.393487
1.043000	-4.325819	7.719300	3.393481
1.044000	-4.343558	7.737035	3.393476
1.045000	-4.360855	7.754327	3.393472
1.046000	-4.377654	7.771124	3.393470
1.047000	-4.393908	7.787377	3.393469
1.048000	-4.409572	7.803038	3.393466
1.049000	-4.424601	7.818066	3.393465
1.050000	-4.438961	7.832422	3.393462
1.051000	-4.452612	7.846072	3.393460
1.052000	-4.465524	7.858984	3.393460
1.053000	-4.480166	7.872662	3.392496
1.054000	-4.494545	7.887039	3.392494
1.055000	-4.508029	7.900520	3.392491
1.056000	-4.520600	7.913090	3.392490
1.057000	-4.532241	7.924734	3.392493
1.058000	-4.542950	7.935441	3.392491
1.059000	-4.552712	7.945203	3.392490
1.060000	-4.561526	7.954018	3.392492
1.061000	-4.569392	7.961883	3.392491
1.062000	-4.576306	7.968800	3.392493
1.063000	-4.586998	7.978836	3.391838
1.064000	-4.600187	7.992027	3.391840
1.065000	-4.612505	8.004347	3.391841
1.066000	-4.623966	8.015809	3.391843
1.067000	-4.634580	8.026424	3.391844
1.068000	-4.644365	8.036210	3.391845
1.069000	-4.653340	8.045185	3.391845
1.070000	-4.661519	8.053368	3.391849
1.071000	-4.668929	8.060779	3.391850
1.072000	-4.675586	8.067438	3.391852
1.073000	-4.681519	8.073371	3.391852
1.074000	-4.686747	8.078601	3.391854
1.075000	-4.691297	8.083154	3.391857
1.076000	-4.695198	8.087056	3.391859
1.077000	-4.698472	8.090333	3.391860
1.078000	-4.701151	8.093013	3.391862
1.079000	-4.703260	8.095123	3.391863
1.080000	-4.704828	8.096693	3.391865
1.081000	-4.705884	8.097752	3.391868
1.082000	-4.706459	8.098326	3.391867
1.083000	-4.706577	8.098446	3.391869
1.084000	-4.706271	8.098141	3.391870
1.085000	-4.705570	8.097441	3.391870
1.086000	-4.704502	8.096375	3.391873
1.087000	-4.703096	8.094972	3.391876
1.088000	-4.701381	8.093261	3.391880
1.089000	-4.699389	8.091271	3.391882
1.090000	-4.691403	8.086043	3.394640
1.091000	-4.683015	8.077656	3.394641
1.092000	-4.674508	8.069149	3.394641
1.093000	-4.665899	8.060542	3.394643
1.094000	-4.657210	8.051852	3.394642
1.095000	-4.648459	8.043103	3.394644
1.096000	-4.639670	8.034314	3.394644
1.097000	-4.630863	8.025507	3.394644
1.098000	-4.622058	8.016705	3.394646
1.099000	-4.613282	8.007930	3.394648
1.100000	-4.604558	7.999208	3.394651
1.101000	-4.595911	7.990565	3.394654
1.102000	-4.587370	7.982026	3.394655
1.103000	-4.578961	7.973618	3.394657
1.104000	-4.570711	7.965368	3.394657
1.105000	-4.562650	7.957307	3.394658
1.106000	-4.554804	7.949463	3.394659
1.107000	-4.547206	7.941866	3.394660
1.108000	-4.539884	7.934546	3.394663
1.109000	-4.532872	7.927535	3.394663
1.110000	-4.526199	7.920864	3.394665
1.111000	-4.519896	7.914563	3.394668
1.112000	-4.513997	7.908665	3.394669
1.113000	-4.508531	7.903200	3.394669
1.114000	-4.503527	7.898199	3.394672
1.115000	-4.499019	7.893692	3.394673
1.116000	-4.495032	7.889708	3.394675
1.117000	-4.491597	7.886274	3.394677
1.118000	-4.488741	7.883419	3.394678
1.119000	-4.486485	7.881166	3.394681
1.120000	-4.484860	7.879541	3.394681
1.121000	-4.483881	7.878564	3.394682
1.122000	-4.483571	7.878253	3.394682
1.123000	-4.483943	7.878625	3.394682
1.124000	-4.485011	7.879694	3.394683
1.125000	-4.486786	7.881469	3.394683
1.126000	-4.489274	7.883958	3.394685
1.127000	-4.492478	7.887163	3.394684
1.128000	-4.496399	7.891085	3.394686
1.129000	-4.501035	7.895717	3.394682
1.130000	-4.506372	7.901053	3.394681
1.131000	-4.512400	7.907080	3.394680
1.132000	-4.519102	7.913775	3.394674
1.133000	-4.526450	7.921122	3.394671
1.134000	-4.534422	7.929090	3.394668
1.135000	-4.542980	7.937646	3.394666
1.136000	-4.552095	7.946755	3.394660
1.137000	-4.561719	7.956375	3.394656
1.138000	-4.571800	7.966456	3.394656
1.139000	-4.582294	7.976949	3.394655
1.140000	-4.593141	7.987793	3.394653
1.141000	-4.604281	7.998928	3.394647
1.142000	-4.615641	8.010283	3.394643
1.143000	-4.627151	8.021789	3.394637
1.144000	-4.638733	8.033365	3.394632
1.145000	-4.650307	8.044930	3.394624
1.146000	-4.661779	8.056397	3.394619
1.147000	-4.673062	8.067673	3.394610
1.148000	-4.684059	8.078662	3.394603
1.149000	-4.694664	8.089262	3.394598
1.150000	-4.704779	8.099368	3.394589
1.151000	-4.714289	8.108869	3.394579
1.152000	-4.723083	8.117651	3.394568
1.153000	-4.731037	8.125598	3.394561
1.154000	-4.738037	8.132586	3.394550
1.155000	-4.743948	8.138491	3.394543
1.156000	-4.748652	8.143184	3.394532
1.157000	-4.752008	8.146530	3.394522
1.158000	-4.753885	8.148399	3.394514
1.159000	-4.754145	8.148648	3.394503
1.160000	-4.752650	8.147142	3.394493
1.161000	-4.749256	8.143736	3.394480
1.162000	-4.743817	8.138287	3.394469
1.163000	-4.736191	8.130649	3.394457
1.164000	-4.726233	8.120678	3.394445
1.165000	-4.713797	8.108229	3.394432
1.166000	-4.698736	8.093156	3.394420
1.167000	-4.680909	8.075315	3.394407
1.168000	-4.660175	8.054569	3.394394
1.169000	-4.636397	8.030779	3.394382
1.170000	-4.609442	8.003812	3.394370
1.171000	-4.579182	7.973542	3.394360
1.172000	-4.545501	7.939850	3.394349
1.173000	-4.508286	7.902625	3.394338
1.174000	-4.467439	7.861768	3.394329
1.175000	-4.422872	7.817193	3.394321
1.176000	-4.374514	7.768827	3.394313
1.177000	-4.322308	7.716615	3.394307
1.178000	-4.266221	7.660522	3.394302
1.179000	-4.206235	7.600534	3.394300
1.180000	-4.142363	7.536662	3.394299
1.181000	-4.074639	7.468941	3.394302
1.182000	-4.003136	7.397441	3.394306
1.183000	-3.927953	7.322262	3.394309
1.184000	-3.849222	7.243538	3.394316
1.185000	-3.767118	7.161442	3.394324
1.186000	-3.681849	7.076190	3.394341
1.187000	-3.593681	6.988036	3.394354
1.188000	-3.502907	6.897281	3.394374
1.189000	-3.409871	6.804268	3.394397
1.190000	-3.314970	6.709391	3.394421
1.191000	-3.218638	6.613086	3.394447
1.192000	-3.121357	6.515836	3.394479
1.193000	-3.023655	6.418169	3.394513
1.194000	-2.926101	6.320651	3.394550
1.195000	-2.829302	6.223890	3.394588
1.196000	-2.733900	6.128526	3.394626
1.197000	-2.640558	6.035226	3.394667
1.198000	-2.549973	5.944679	3.394705
1.199000	-2.462832	5.857586	3.394754
1.200000	-2.378893	5.773793	3.394900
1.201000	-2.299139	5.694072	3.394933
1.202000	-2.225038	5.620017	3.394979
1.203000	-2.157250	5.552272	3.395022
1.204000	-2.096392	5.491446	3.395054
1.205000	-2.043014	5.438103	3.395089
1.206000	-1.997627	5.392747	3.395120
1.207000	-1.960676	5.355822	3.395145
1.208000	-1.932539	5.327696	3.395157
1.209000	-1.913483	5.308657	3.395174
1.210000	-1.903724	5.298905	3.395181
1.211000	-1.903376	5.298553	3.395178
1.212000	-1.912454	5.307621	3.395167
1.213000	-1.930872	5.326031	3.395159
1.214000	-1.958477	5.353617	3.395140
1.215000	-1.995006	5.390125	3.395118
1.216000	-2.040126	5.435213	3.395087
1.217000	-2.093407	5.488466	3.395059
1.218000	-2.154368	5.549396	3.395027
1.219000	-2.222467	5.617454	3.394987
1.220000	-2.297098	5.692040	3.394942
1.221000	-2.377606	5.772512	3.394907
1.222000	-2.463339	5.858200	3.394861
1.223000	-2.553594	5.948408	3.394814
1.224000	-2.647657	6.042432	3.394775
1.225000	-2.744836	6.139569	3.394732
1.226000	-2.844433	6.239120	3.394687
1.227000	-2.945758	6.340406	3.394648
1.228000	-3.048162	6.442768	3.394607
1.229000	-3.151008	6.545578	3.394571
1.230000	-3.253707	6.648243	3.394536
1.231000	-3.355702	6.750208	3.394506
1.232000	-3.456482	6.850959	3.394477
1.233000	-3.555577	6.950027	3.394451
1.234000	-3.652556	7.046988	3.394431
1.235000	-3.747046	7.141460	3.394414
1.236000	-3.838717	7.233112	3.394395
1.237000	-3.927269	7.321651	3.394382
1.238000	-4.012453	7.406830	3.394377
1.239000	-4.094071	7.488441	3.394370
1.240000	-4.171952	7.566318	3.394365
1.241000	-4.245962	7.640324	3.394361
1.242000	-4.316000	7.710361	3.394361
1.243000	-4.381996	7.776361	3.394364
1.244000	-4.443910	7.838280	3.394371
1.245000	-4.501728	7.896104	3.394376
1.246000	-4.555457	7.949840	3.394382
1.247000	-4.605123	7.999511	3.394388
1.248000	-4.650767	8.045162	3.394395
1.249000	-4.692449	8.086854	3.394405
1.250000	-4.730243	8.124655	3.394412
1.251000	-4.764228	8.158648	3.394420
1.252000	-4.794497	8.188928	3.394431
1.253000	-4.821148	8.215588	3.394439
1.254000	-4.844288	8.238737	3.394449
1.255000	-4.864024	8.258484	3.394460
1.256000	-4.880470	8.274940	3.394469
1.257000	-4.893742	8.288221	3.394480
1.258000	-4.903955	8.298444	3.394489
1.259000	-4.911226	8.305725	3.394499
1.260000	-4.915673	8.310183	3.394509
1.261000	-4.917414	8.311932	3.394518
1.262000	-4.916560	8.311088	3.394528
1.263000	-4.913227	8.307764	3.394537
1.264000	-4.907527	8.302074	3.394547
1.265000	-4.899570	8.294127	3.394557
1.266000	-4.889462	8.284029	3.394567
1.267000	-4.877312	8.271886	3.394574
1.268000	-4.863220	8.257801	3.394581
1.269000	-4.847285	8.241876	3.394591
1.270000	-4.829607	8.224205	3.394598
1.271000	-4.810281	8.204885	3.394605
1.272000	-4.783998	8.180848	3.396851
1.273000	-4.755347	8.152193	3.396846
1.274000	-4.725276	8.122117	3.396842
1.275000	-4.693742	8.090580	3.396838
1.276000	-4.660709	8.057545	3.396836
1.277000	-4.626140	8.022971	3.396832
1.278000	-4.589991	7.986818	3.396828
1.279000	-4.552221	7.949044	3.396823
1.280000	-4.512792	7.909609	3.396817
1.281000	-4.471658	7.868470	3.396812
1.282000	-4.428776	7.825585	3.396809
1.283000	-4.384107	7.780910	3.396804
1.284000	-4.337605	7.734405	3.396800
1.285000	-4.289231	7.686024	3.396793
1.286000	-4.238941	7.635729	3.396789
1.287000	-4.186697	7.583478	3.396782
1.288000	-4.132455	7.529232	3.396777
1.289000	-4.079860	7.474899	3.395040
1.290000	-4.025379	7.420415	3.395037
1.291000	-3.968751	7.363782	3.395031
1.292000	-3.909941	7.304968	3.395027
1.293000	-3.848922	7.243945	3.395023
1.294000	-3.785669	7.180692	3.395022
1.295000	-3.720167	7.115187	3.395020
1.296000	-3.652405	7.047422	3.395018
1.297000	-3.582375	6.977391	3.395016
1.298000	-3.510079	6.905094	3.395015
1.299000	-3.435527	6.830544	3.395018
1.300000	-3.358749	6.753763	3.395014
1.301000	-3.279769	6.674781	3.395012
1.302000	-3.198629	6.593643	3.395015
1.303000	-3.115391	6.510406	3.395015
1.304000	-3.030123	6.425141	3.395018
1.305000	-2.942911	6.337937	3.395026
1.306000	-2.853868	6.248897	3.395029
1.307000	-2.763107	6.158142	3.395034
1.308000	-2.670769	6.065814	3.395045
1.309000	-2.577021	5.972075	3.395053
1.310000	-2.482037	5.877104	3.395067
1.311000	-2.386026	5.781106	3.395080
1.312000	-2.289213	5.684306	3.395093
1.313000	-2.191848	5.586950	3.395102
1.314000	-2.094184	5.489307	3.395123
1.315000	-1.996532	5.391668	3.395135
1.316000	-1.899188	5.294343	3.395155
1.317000	-1.802492	5.197665	3.395173
1.318000	-1.706787	5.101982	3.395195
1.319000	-1.612442	5.007660	3.395218
1.320000	-1.519842	4.915079	3.395237
1.321000	-1.429366	4.824629	3.395263
1.322000	-1.341428	4.736709	3.395281
1.323000	-1.256411	4.651723	3.395312
1.324000	-1.174738	4.570075	3.395337
1.325000	-1.096802	4.492166	3.395364
1.326000	-1.023002	4.418385	3.395383
1.327000	-0.953704	4.349115	3.395411
1.328000	-0.889280	4.284718	3.395437
1.329000	-0.830073	4.225533	3.395461
1.330000	-0.776403	4.171876	3.395473
1.331000	-0.728540	4.124031	3.395491
1.332000	-0.686742	4.082244	3.395502
1.333000	-0.651216	4.046731	3.395514
1.334000	-0.622130	4.017658	3.395528
1.335000	-0.599620	3.995156	3.395536
1.336000	-0.583768	3.979305	3.395537
1.337000	-0.574605	3.970142	3.395537
1.338000	-0.572121	3.967659	3.395537
1.339000	-0.576271	3.971800	3.395529
1.340000	-0.586953	3.982468	3.395515
1.341000	-0.604005	3.999522	3.395517
1.342000	-0.627283	4.022781	3.395499
1.343000	-0.656547	4.052031	3.395484
1.344000	-0.691552	4.087022	3.395469
1.345000	-0.732028	4.127478	3.395450
1.346000	-0.777672	4.173100	3.395428
1.347000	-0.828162	4.223567	3.395404
1.348000	-0.883161	4.278545	3.395384
1.349000	-0.941686	4.337381	3.395695
1.350000	-1.004185	4.399854	3.395669
1.351000	-1.070416	4.466065	3.395650
1.352000	-1.140032	4.535660	3.395628
1.353000	-1.212681	4.608289	3.395608
1.354000	-1.288024	4.683613	3.395588
1.355000	-1.365735	4.761300	3.395566
1.356000	-1.445490	4.841036	3.395545
1.357000	-1.526994	4.922520	3.395525
1.358000	-1.609959	5.005469	3.395510
1.359000	-1.694128	5.089622	3.395494
1.360000	-1.779246	5.174729	3.395483
1.361000	-1.865097	5.260567	3.395470
1.362000	-1.951465	5.346929	3.395464
1.363000	-2.038178	5.433626	3.395448
1.364000	-2.125045	5.520490	3.395445
1.365000	-2.211932	5.607368	3.395436
1.366000	-2.298691	5.694123	3.395432
1.367000	-2.385211	5.780637	3.395427
1.368000	-2.471385	5.866801	3.395416
1.369000	-2.557103	5.952523	3.395420
1.370000	-2.642301	6.037718	3.395418
1.371000	-2.726904	6.122314	3.395410
1.372000	-2.810833	6.206247	3.395414
1.373000	-2.894050	6.289458	3.395408
1.374000	-2.976492	6.371899	3.395407
1.375000	-3.058114	6.453522	3.395407
1.376000	-3.138875	6.534286	3.395410
1.377000	-3.218741	6.614153	3.395412
1.378000	-3.297677	6.693087	3.395410
1.379000	-3.375644	6.771053	3.395409
1.380000	-3.452617	6.848020	3.395403
1.381000	-3.528547	6.923955	3.395408
1.382000	-3.603421	6.998827	3.395406
1.383000	-3.677201	7.072605	3.395404
1.384000	-3.749851	7.145258	3.395407
1.385000	-3.821350	7.216755	3.395405
1.386000	-3.891660	7.287066	3.395406
1.387000	-3.960756	7.356158	3.395402
1.388000	-4.028600	7.424004	3.395403
1.389000	-4.095167	7.490569	3.395402
1.390000	-4.160426	7.555825	3.395400
1.391000	-4.224343	7.619743	3.395400
1.392000	-4.286894	7.682293	3.395399
1.393000	-4.348050	7.743448	3.395399
1.394000	-4.407785	7.803179	3.395394
1.395000	-4.466067	7.861462	3.395394
1.396000	-4.522877	7.918271	3.395394
1.397000	-4.578191	7.973582	3.395391
1.398000	-4.631983	8.027374	3.395391
1.399000	-4.684237	8.079628	3.395391
1.400000	-4.734934	8.130323	3.395390
1.401000	-4.784054	8.179443	3.395390
1.402000	-4.831583	8.226973	3.395390
1.403000	-4.877506	8.272898	3.395391
1.404000	-4.921814	8.317205	3.395391
1.405000	-4.964493	8.359884	3.395391
1.406000	-5.005530	8.400924	3.395393
1.407000	-5.044920	8.440315	3.395395
1.408000	-5.082658	8.478052	3.395394
1.409000	-5.118728	8.514126	3.395398
1.410000	-5.153131	8.548530	3.395399
1.411000	-5.185857	8.581256	3.395399
1.412000	-5.216900	8.612299	3.395399
1.413000	-5.246253	8.641651	3.395399
1.414000	-5.273906	8.669305	3.395399
1.415000	-5.299852	8.695251	3.395399
1.416000	-5.324084	8.719482	3.395399
1.417000	-5.346586	8.741983	3.395397
1.418000	-5.367347	8.762742	3.395395
1.419000	-5.386353	8.781745	3.395392
1.420000	-5.403582	8.798972	3.395391
1.421000	-5.419017	8.814404	3.395388
1.422000	-5.432631	8.828016	3.395385
1.423000	-5.444398	8.839783	3.395385
1.424000	-5.454288	8.849670	3.395383
1.425000	-5.462265	8.857645	3.395380
1.426000	-5.468294	8.863669	3.395375
1.427000	-5.472325	8.867699	3.395373
1.428000	-5.474316	8.869684	3.395368
1.429000	-5.474210	8.869574	3.395363
1.430000	-5.471951	8.867309	3.395358
1.431000	-5.467474	8.862827	3.395353
1.432000	-5.460714	8.856060	3.395346
1.433000	-5.451594	8.846931	3.395338
1.434000	-5.440035	8.835366	3.395331
1.435000	-5.425956	8.821279	3.395323
1.436000	-5.409266	8.804580	3.395314
1.437000	-5.389872	8.785177	3.395305
1.438000	-5.367674	8.762971	3.395297
1.439000	-5.342572	8.737861	3.395288
1.440000	-5.314460	8.709740	3.395279
1.441000	-5.283231	8.678500	3.395269
1.442000	-5.248771	8.644030	3.395258
1.443000	-5.210968	8.606216	3.395248
1.444000	-5.169712	8.564951	3.395239
1.445000	-5.124889	8.520117	3.395228
1.446000	-5.076390	8.471607	3.395217
1.447000	-5.024109	8.419315	3.395206
1.448000	-4.967944	8.363142	3.395198
1.449000	-4.907804	8.302994	3.395190
1.450000	-4.843602	8.238784	3.395182
1.451000	-4.775271	8.170444	3.395173
1.452000	-4.702748	8.097912	3.395164
1.453000	-4.625990	8.021149	3.395158
1.454000	-4.544976	7.940131	3.395155
1.455000	-4.459708	7.854859	3.395151
1.456000	-4.370213	7.765361	3.395148
1.457000	-4.276542	7.671689	3.395147
1.458000	-4.178781	7.573934	3.395153
1.459000	-4.077056	7.472213	3.395157
1.460000	-3.971527	7.366692	3.395165
1.461000	-3.862391	7.257572	3.395181
1.462000	-3.749905	7.145100	3.395195
1.463000	-3.634358	7.029570	3.395211
1.464000	-3.516093	6.911326	3.395233
1.465000	-3.395501	6.790761	3.395260
1.466000	-3.273034	6.668320	3.395285
1.467000	-3.149181	6.544498	3.395317
1.468000	-3.024491	6.419842	3.395350
1.469000	-2.899554	6.294947	3.395392
1.470000	-2.775012	6.170450	3.395438
1.471000	-2.651551	6.047034	3.395483
1.472000	-2.529883	5.925414	3.395531
1.473000	-2.410760	5.806335	3.395576
1.474000	-2.294940	5.690564	3.395625
1.475000	-2.183207	5.578876	3.395669
1.476000	-2.076330	5.472052	3.395722
1.477000	-1.975094	5.370861	3.395767
1.478000	-1.880238	5.276053	3.395816
1.479000	-1.792495	5.188345	3.395851
1.480000	-1.712527	5.108410	3.395884
1.481000	-1.640952	5.036865	3.395914
1.482000	-1.579015	4.977819	3.398804
1.483000	-1.532888	4.931722	3.398834
1.484000	-1.496529	4.895379	3.398849
1.485000	-1.470220	4.869077	3.398857
1.486000	-1.454146	4.853004	3.398859
1.487000	-1.448386	4.847247	3.398861
1.488000	-1.452939	4.851790	3.398851
1.489000	-1.467677	4.866511	3.398834
1.490000	-1.492375	4.891193	3.398818
1.491000	-1.526727	4.925520	3.398794
1.492000	-1.570329	4.969091	3.398762
1.493000	-1.622700	5.021422	3.398723
1.494000	-1.683275	5.081962	3.398687
1.495000	-1.751450	5.150100	3.398649
1.496000	-1.826573	5.225174	3.398601
1.497000	-1.907935	5.306491	3.398556
1.498000	-1.994815	5.393329	3.398514
1.499000	-2.086490	5.484953	3.398463
1.500000	-2.182213	5.580629	3.398417
1.501000	-2.281248	5.679628	3.398381
1.502000	-2.382902	5.781238	3.398336
1.503000	-2.486476	5.884770	3.398294
1.504000	-2.591312	5.989572	3.398259
1.505000	-2.696800	6.095021	3.398221
1.506000	-2.802356	6.200542	3.398186
1.507000	-2.907442	6.305603	3.398161
1.508000	-3.011581	6.409715	3.398134
1.509000	-3.114326	6.512441	3.398115
1.510000	-3.215293	6.613390	3.398097
1.511000	-3.314135	6.712215	3.398080
1.512000	-3.410550	6.808619	3.398070
1.513000	-3.504283	6.902347	3.398064
1.514000	-3.595126	6.993182	3.398056
1.515000	-3.682895	7.080949	3.398054
1.516000	-3.767453	7.165505	3.398052
1.517000	-3.848694	7.246743	3.398049
1.518000	-3.926533	7.324582	3.398049
1.519000	-4.000913	7.398966	3.398053
1.520000	-4.071809	7.469864	3.398056
1.521000	-4.139204	7.537265	3.398061
1.522000	-4.203105	7.601172	3.398067
1.523000	-4.263534	7.661606	3.398072
1.524000	-4.320516	7.718594	3.398078
1.525000	-4.374091	7.772178	3.398087
1.526000	-4.424311	7.822405	3.398094
1.527000	-4.471227	7.869327	3.398100
1.528000	-4.514895	7.913002	3.398107
1.529000	-4.555372	7.953487	3.398115
1.530000	-4.592721	7.990845	3.398123
1.531000	-4.627005	8.025136	3.398131
1.532000	-4.658282	8.056418	3.398136
1.533000	-4.686612	8.084754	3.398142
1.534000	-4.712052	8.110199	3.398147
1.535000	-4.734655	8.132807	3.398151
1.536000	-4.754473	8.152630	3.398157
1.537000	-4.771561	8.169721	3.398160
1.538000	-4.785959	8.184125	3.398166
1.539000	-4.797717	8.195887	3.398170
1.540000	-4.806873	8.205047	3.398173
1.541000	-4.813468	8.211646	3.398178
1.542000	-4.817539	8.215719	3.398180
1.543000	-4.819120	8.217302	3.398182
1.544000	-4.803333	8.208838	3.405505
1.545000	-4.784710	8.190203	3.405493
1.546000	-4.763264	8.168743	3.405479
1.547000	-4.738848	8.144314	3.405466
1.548000	-4.711312	8.116765	3.405453
1.549000	-4.680507	8.085949	3.405442
1.550000	-4.646292	8.051720	3.405428
1.551000	-4.608520	8.013935	3.405416
1.552000	-4.567050	7.972454	3.405404
1.553000	-4.521753	7.927142	3.405389
1.554000	-4.472494	7.877871	3.405376
1.555000	-4.419151	7.824513	3.405362
1.556000	-4.361601	7.766954	3.405353
1.557000	-4.299743	7.705086	3.405343
1.558000	-4.233479	7.638811	3.405333
1.559000	-4.162720	7.568045	3.405325
1.560000	-4.087398	7.492713	3.405315
1.561000	-4.007454	7.412763	3.405309
1.562000	-3.922849	7.328152	3.405303
1.563000	-3.833567	7.238864	3.405297
1.564000	-3.739605	7.144898	3.405293
1.565000	-3.640993	7.046284	3.405291
1.566000	-3.537780	6.943071	3.405291
1.567000	-3.430054	6.835344	3.405290
1.568000	-3.317921	6.723217	3.405295
1.569000	-3.201530	6.606834	3.405304
1.570000	-3.081071	6.486383	3.405313
1.571000	-2.956762	6.362088	3.405326
1.572000	-2.828877	6.234213	3.405336
1.573000	-2.697713	6.103068	3.405355
1.574000	-2.563632	5.969007	3.405375
1.575000	-2.427031	5.832429	3.405398
1.576000	-2.288358	5.693785	3.405427
1.577000	-2.148113	5.553571	3.405457
1.578000	-2.006845	5.412332	3.405487
1.579000	-1.865135	5.270659	3.405524
1.580000	-1.723630	5.129190	3.405560
1.581000	-1.583003	4.988605	3.405602
1.582000	-1.443972	4.849620	3.405648
1.583000	-1.307294	4.712989	3.405695
1.584000	-1.173746	4.579492	3.405745
1.585000	-1.044134	4.449931	3.405797
1.586000	-0.919266	4.325122	3.405857
1.587000	-0.799984	4.205888	3.405903
1.588000	-0.687094	4.093044	3.405951
1.589000	-0.581401	3.987394	3.405993
1.590000	-0.483685	3.889715	3.406030
1.591000	-0.394677	3.800747	3.406070
1.592000	-0.315072	3.721184	3.406112
1.593000	-0.245514	3.651662	3.406147
1.594000	-0.186565	3.592746	3.406181
1.595000	-0.138725	3.544926	3.406201
1.596000	-0.102379	3.508604	3.406225
1.597000	-0.077848	3.484089	3.406241
1.598000	-0.065349	3.471591	3.406242
1.599000	-0.064964	3.471215	3.406251
1.600000	-0.076718	3.482964	3.406245
1.601000	-0.100506	3.506732	3.406226
1.602000	-0.136106	3.542313	3.406207
1.603000	-0.183212	3.589399	3.406187
1.604000	-0.241434	3.647589	3.406155
1.605000	-0.310281	3.716393	3.406112
1.606000	-0.389175	3.795245	3.406070
1.607000	-0.477476	3.883506	3.406030
1.608000	-0.580505	3.985130	3.404625
1.609000	-0.694919	4.099499	3.404580
1.610000	-0.816704	4.221233	3.404530
1.611000	-0.945035	4.349512	3.404477
1.612000	-1.079079	4.483497	3.404418
1.613000	-1.217977	4.622344	3.404367
1.614000	-1.360895	4.765218	3.404323
1.615000	-1.507025	4.911294	3.404269
1.616000	-1.655551	5.059772	3.404222
1.617000	-1.805705	5.209883	3.404177
1.618000	-1.956751	5.360892	3.404141
1.619000	-2.108005	5.512107	3.404102
1.620000	-2.261193	5.664413	3.403220
1.621000	-2.414045	5.817233	3.403188
1.622000	-2.565332	5.968492	3.403160
1.623000	-2.714554	6.117691	3.403137
1.624000	-2.861268	6.264382	3.403114
1.625000	-3.005071	6.408167	3.403096
1.626000	-3.145618	6.548696	3.403078
1.627000	-3.282594	6.685664	3.403070
1.628000	-3.415756	6.818814	3.403058
1.629000	-3.544878	6.947932	3.403054
1.630000	-3.669793	7.072841	3.403048
1.631000	-3.790353	7.193402	3.403049
1.632000	-3.906461	7.309513	3.403051
1.633000	-4.018044	7.421099	3.403055
1.634000	-4.125060	7.528116	3.403057
1.635000	-4.227485	7.630546	3.403061
1.636000	-4.325323	7.728391	3.403068
1.637000	-4.418600	7.821677	3.403077
1.638000	-4.507362	7.910447	3.403085
1.639000	-4.591661	7.994757	3.403095
1.640000	-4.671573	8.074677	3.403103
1.641000	-4.747177	8.150291	3.403115
1.642000	-4.818562	8.221688	3.403126
1.643000	-4.885829	8.288969	3.403140
1.644000	-4.949088	8.352238	3.403150
1.645000	-5.008442	8.411604	3.403162
1.646000	-5.064007	8.467181	3.403174
1.647000	-5.115901	8.519085	3.403184
1.648000	-5.164236	8.567431	3.403196
1.649000	-5.209131	8.612337	3.403206
1.650000	-5.250703	8.653922	3.403219
1.651000	-5.289070	8.692299	3.403229
1.652000	-5.324343	8.727583	3.403240
1.653000	-5.356637	8.759886	3.403248
1.654000	-5.386061	8.789318	3.403257
1.655000	-5.412721	8.815988	3.403267
1.656000	-5.436721	8.839997	3.403276
1.657000	-5.458164	8.861446	3.403283
1.658000	-5.477144	8.880435	3.403291
1.659000	-5.493757	8.897055	3.403298
1.660000	-5.508091	8.911396	3.403305
1.661000	-5.520232	8.923544	3.403312
1.662000	-5.530264	8.933583	3.403319
1.663000	-5.538265	8.941590	3.403325
1.664000	-5.544309	8.947639	3.403331
1.665000	-5.548466	8.951803	3.403337
1.666000	-5.550804	8.954146	3.403342
1.667000	-5.551386	8.954734	3.403347
1.668000	-5.550272	8.953625	3.403352
1.669000	-5.547520	8.950876	3.403356
1.670000	-5.543181	8.946541	3.403360
1.671000	-5.537304	8.940667	3.403363
1.672000	-5.528997	8.932796	3.403799
1.673000	-5.519233	8.923033	3.403800
1.674000	-5.508164	8.911964	3.403800
1.675000	-5.495798	8.899599	3.403801
1.676000	-5.482140	8.885940	3.403800
1.677000	-5.467191	8.870991	3.403800
1.678000	-5.450953	8.854753	3.403800
1.679000	-5.433424	8.837223	3.403799
1.680000	-5.414600	8.818400	3.403800
1.681000	-5.394482	8.798279	3.403797
1.682000	-5.373057	8.776855	3.403797
1.683000	-5.350324	8.754120	3.403796
1.684000	-5.326271	8.730066	3.403795
1.685000	-5.300893	8.704687	3.403794
1.686000	-5.274179	8.677971	3.403792
1.687000	-5.246118	8.649910	3.403792
1.688000	-5.216703	8.620491	3.403788
1.689000	-5.185922	8.589708	3.403787
1.690000	-5.153765	8.557550	3.403786
1.691000	-5.120223	8.524007	3.403784
1.692000	-5.085287	8.489069	3.403782
1.693000	-5.048950	8.452729	3.403779
1.694000	-5.011201	8.414980	3.403779
1.695000	-4.972038	8.375816	3.403779
1.696000	-4.931456	8.335234	3.403778
1.697000	-4.889452	8.293230	3.403778
1.698000	-4.846032	8.249805	3.403773
1.699000	-4.801188	8.204963	3.403775
1.700000	-4.754932	8.158708	3.403775
1.701000	-4.707275	8.111048	3.403772
1.702000	-4.658224	8.061998	3.403774
1.703000	-4.607800	8.011573	3.403772
1.704000	-4.556022	7.959794	3.403772
1.705000	-4.502913	7.906687	3.403774
1.706000	-4.448505	7.852282	3.403776
1.707000	-4.392839	7.796616	3.403776
1.708000	-4.335951	7.739730	3.403779
1.709000	-4.277892	7.681673	3.403781
1.710000	-4.218713	7.622500	3.403787
1.711000	-4.158482	7.562273	3.403791
1.712000	-4.097268	7.501061	3.403794
1.713000	-4.035145	7.438943	3.403798
1.714000	-3.972201	7.376002	3.403801
1.715000	-3.908526	7.312333	3.403807
1.716000	-3.844224	7.248037	3.403812
1.717000	-3.779400	7.183225	3.403825
1.718000	-3.714183	7.118014	3.403831
1.719000	-3.648696	7.052534	3.403838
1.720000	-3.583075	6.986919	3.403845
1.721000	-3.517464	6.921317	3.403853
1.722000	-3.452016	6.855878	3.403862
1.723000	-3.386890	6.790763	3.403873
1.724000	-3.322258	6.726141	3.403884
1.725000	-3.258297	6.662188	3.403891
1.726000	-3.195179	6.599083	3.403903
1.727000	-3.133100	6.537015	3.403915
1.728000	-3.072245	6.476175	3.403930
1.729000	-3.012815	6.416759	3.403944
1.730000	-2.955008	6.358963	3.403955
1.731000	-2.899019	6.302989	3.403970
1.732000	-2.845054	6.249036	3.403981
1.733000	-2.794462	6.201358	3.406895
1.734000	-2.753112	6.160023	3.406910
1.735000	-2.714180	6.121099	3.406919
1.736000	-2.677840	6.084771	3.406930
1.737000	-2.644276	6.051218	3.406942
1.738000	-2.613660	6.020612	3.406952
1.739000	-2.586147	5.993114	3.406966
1.740000	-2.561901	5.968875	3.406974
1.741000	-2.541053	5.948033	3.406980
1.742000	-2.523722	5.930714	3.406992
1.743000	-2.510029	5.917027	3.406998
1.744000	-2.500080	5.908927	3.408847
1.745000	-2.497668	5.906519	3.408851
1.746000	-2.499187	5.908034	3.408847
1.747000	-2.504663	5.913510	3.408847
1.748000	-2.514121	5.922971	3.408850
1.749000	-2.527563	5.936415	3.408852
1.750000	-2.544977	5.953826	3.408849
1.751000	-2.566320	5.975167	3.408847
1.752000	-2.591541	6.000381	3.408840
1.753000	-2.620557	6.029393	3.408836
1.754000	-2.653280	6.062109	3.408829
1.755000	-2.689594	6.098418	3.408824
1.756000	-2.729379	6.138193	3.408814
1.757000	-2.772483	6.181290	3.408806
1.758000	-2.818754	6.227552	3.408798
1.759000	-2.868025	6.276809	3.408784
1.760000	-2.920105	6.328876	3.408772
1.761000	-2.974803	6.383564	3.408760
1.762000	-3.031926	6.440667	3.408741
1.763000	-3.091248	6.499977	3.408729
1.764000	-3.152564	6.561278	3.408714
1.765000	-3.215653	6.624349	3.408696
1.766000	-3.280281	6.688967	3.408686
1.767000	-3.346241	6.754907	3.408666
1.768000	-3.413296	6.821941	3.408646
1.769000	-3.481210	6.889847	3.408637
1.770000	-3.549777	6.958400	3.408623
1.771000	-3.618777	7.027381	3.408604
1.772000	-3.687983	7.096574	3.408591
1.773000	-3.757192	7.165769	3.408577
1.774000	-3.826195	7.234761	3.408567
1.775000	-3.894801	7.303352	3.408552
1.776000	-3.962812	7.371354	3.408542
1.777000	-4.030050	7.438582	3.408532
1.778000	-4.096345	7.504865	3.408519
1.779000	-4.161523	7.570036	3.408513
1.780000	-4.225441	7.633941	3.408500
1.781000	-4.287938	7.696433	3.408495
1.782000	-4.348887	7.757377	3.408490
1.783000	-4.408165	7.816645	3.408479
1.784000	-4.465649	7.874122	3.408473
1.785000	-4.521235	7.929700	3.408464
1.786000	-4.574826	7.983283	3.408457
1.787000	-4.626327	8.034783	3.408456
1.788000	-4.675671	8.084124	3.408453
1.789000	-4.722787	8.131237	3.408450
1.790000	-4.767616	8.176065	3.408450
1.791000	-4.810112	8.218559	3.408447
1.792000	-4.850231	8.258677	3.408446
1.793000	-4.887943	8.296390	3.408446
1.794000	-4.923230	8.331675	3.408445
1.795000	-4.956072	8.364519	3.408447
1.796000	-4.986467	8.394916	3.408448
1.797000	-5.014420	8.422869	3.408449
1.798000	-5.039937	8.448389	3.408452
1.799000	-5.063041	8.471497	3.408455
1.800000	-5.083756	8.492214	3.408458
1.801000	-5.102118	8.510578	3.408460
1.802000	-5.118165	8.526629	3.408464
1.803000	-5.131947	8.540415	3.408468
1.804000	-5.143516	8.551991	3.408475
1.805000	-5.152937	8.561418	3.408481
1.806000	-5.160276	8.568763	3.408486
1.807000	-5.165608	8.574100	3.408492
1.808000	-5.169013	8.577512	3.408499
1.809000	-5.170575	8.579082	3.408506
1.810000	-5.170387	8.578900	3.408513
1.811000	-5.168544	8.577065	3.408522
1.812000	-5.165148	8.573675	3.408527
1.813000	-5.160302	8.568836	3.408534
1.814000	-5.154116	8.562659	3.408544
1.815000	-5.146702	8.555254	3.408552
1.816000	-5.138177	8.546738	3.408561
1.817000	-5.128659	8.537229	3.408569
1.818000	-5.118269	8.526846	3.408577
1.819000	-5.107128	8.515714	3.408586
1.820000	-5.095357	8.503952	3.408595
1.821000	-5.083080	8.491684	3.408604
1.822000	-5.070421	8.479033	3.408612
1.823000	-5.057502	8.466122	3.408619
1.824000	-5.044438	8.453068	3.408629
1.825000	-5.031353	8.439988	3.408635
1.826000	-5.018353	8.426998	3.408645
1.827000	-5.005554	8.414208	3.408654
1.828000	-4.993062	8.401724	3.408661
1.829000	-4.980977	8.389645	3.408668
1.830000	-4.969394	8.378065	3.408671
1.831000	-4.958400	8.367077	3.408677
1.832000	-4.948077	8.356759	3.408682
1.833000	-4.938499	8.347184	3.408685
1.834000	-4.929730	8.338421	3.408690
1.835000	-4.921830	8.330525	3.408695
1.836000	-4.914848	8.323545	3.408697
1.837000	-4.908826	8.317524	3.408698
1.838000	-4.903790	8.312489	3.408699
1.839000	-4.899759	8.308461	3.408702
1.840000	-4.896753	8.305454	3.408701
1.841000	-4.894771	8.303472	3.408701
1.842000	-4.893805	8.302506	3.408702
1.843000	-4.893844	8.302543	3.408699
1.844000	-4.894861	8.303558	3.408697
1.845000	-4.896828	8.305520	3.408692
1.846000	-4.899701	8.308389	3.408688
1.847000	-4.903433	8.312117	3.408684
1.848000	-4.907969	8.316649	3.408681
1.849000	-4.913254	8.321928	3.408674
1.850000	-4.919215	8.327887	3.408671
1.851000	-4.925786	8.334454	3.408667
1.852000	-4.932893	8.341556	3.408663
1.853000	-4.940453	8.349112	3.408659
1.854000	-4.948389	8.357041	3.408652
1.855000	-4.956615	8.365261	3.408646
1.856000	-4.965043	8.373684	3.408641
1.857000	-4.973589	8.382225	3.408636
1.858000	-4.982168	8.390797	3.408628
1.859000	-4.990689	8.399315	3.408626
1.860000	-4.999071	8.407691	3.408620
1.861000	-5.007227	8.415842	3.408615
1.862000	-5.015077	8.423687	3.408610
1.863000	-5.022540	8.431146	3.408606
1.864000	-5.029540	8.438140	3.408600
1.865000	-5.036002	8.444598	3.408597
1.866000	-5.041855	8.450447	3.408592
1.867000	-5.047035	8.455625	3.408589
1.868000	-5.051480	8.460063	3.408583
1.869000	-5.055130	8.463709	3.408578
1.870000	-5.057931	8.466506	3.408575
1.871000	-5.059833	8.468407	3.408574
1.872000	-5.060793	8.469364	3.408571
1.873000	-5.060773	8.469340	3.408567
1.874000	-5.059735	8.468300	3.408565
1.875000	-5.057648	8.466212	3.408564
1.876000	-5.054490	8.463053	3.408563
1.877000	-5.050240	8.458799	3.408560
1.878000	-5.044878	8.453438	3.408560
1.879000	-5.038395	8.446954	3.408559
1.880000	-5.030783	8.439342	3.408559
1.881000	-5.022040	8.430599	3.408559
1.882000	-5.012169	8.420729	3.408560
1.883000	-5.001174	8.409735	3.408561
1.884000	-4.989067	8.397628	3.408561
1.885000	-4.975861	8.384422	3.408562
1.886000	-4.961573	8.370135	3.408563
1.887000	-4.948447	8.359400	3.410953
1.888000	-4.941291	8.352245	3.410954
1.889000	-4.933116	8.344074	3.410958
1.890000	-4.923957	8.334915	3.410958
1.891000	-4.913844	8.324805	3.410961
1.892000	-4.902817	8.313782	3.410964
1.893000	-4.890919	8.301888	3.410968
1.894000	-4.878192	8.289164	3.410971
1.895000	-4.864685	8.275660	3.410975
1.896000	-4.850444	8.261422	3.410978
1.897000	-4.835523	8.246503	3.410980
1.898000	-4.819971	8.230956	3.410985
1.899000	-4.803848	8.214836	3.410988
1.900000	-4.787206	8.198198	3.410992
1.901000	-4.770107	8.181103	3.410996
1.902000	-4.752608	8.163609	3.411000
1.903000	-4.734771	8.145775	3.411004
1.904000	-4.716657	8.127665	3.411008
1.905000	-4.698328	8.109339	3.411011
1.906000	-4.679842	8.090858	3.411016
1.907000	-4.661266	8.072287	3.411020
1.908000	-4.642661	8.053686	3.411026
1.909000	-4.624085	8.035115	3.411030
1.910000	-4.605601	8.016637	3.411036
1.911000	-4.587271	7.998311	3.411040
1.912000	-4.569152	7.980197	3.411045
1.913000	-4.551301	7.962349	3.411048
1.914000	-4.533775	7.944825	3.411050
1.915000	-4.516623	7.927678	3.411054
1.916000	-4.499900	7.910958	3.411058
1.917000	-4.483653	7.894716	3.411063
1.918000	-4.467934	7.878997	3.411063
1.919000	-4.452776	7.863844	3.411068
1.920000	-4.438228	7.849298	3.411071
1.921000	-4.424327	7.835399	3.411072
1.922000	-4.411103	7.822177	3.411074
1.923000	-4.398589	7.809666	3.411077
1.924000	-4.386809	7.797890	3.411081
1.925000	-4.375794	7.786875	3.411080
1.926000	-4.365559	7.776639	3.411081
1.927000	-4.356119	7.767200	3.411080
1.928000	-4.347486	7.758567	3.411080
1.929000	-4.339671	7.750751	3.411081
1.930000	-4.332672	7.743756	3.411085
1.931000	-4.326499	7.737583	3.411083
1.932000	-4.321145	7.732228	3.411083
1.933000	-4.316605	7.727687	3.411082
1.934000	-4.312864	7.723949	3.411085
1.935000	-4.317285	7.727051	3.409767
1.936000	-4.327231	7.736999	3.409768
1.937000	-4.337976	7.747744	3.409769
1.938000	-4.349497	7.759262	3.409765
1.939000	-4.361763	7.771525	3.409762
1.940000	-4.374742	7.784503	3.409761
1.941000	-4.388406	7.798165	3.409759
1.942000	-4.402720	7.812477	3.409757
1.943000	-4.417647	7.827401	3.409754
1.944000	-4.433148	7.842901	3.409753
1.945000	-4.450437	7.860013	3.409576
1.946000	-4.469073	7.878649	3.409576
1.947000	-4.488052	7.897625	3.409573
1.948000	-4.507320	7.916890	3.409570
1.949000	-4.526825	7.936391	3.409566
1.950000	-4.546514	7.956076	3.409562
1.951000	-4.566330	7.975890	3.409560
1.952000	-4.586224	7.995780	3.409556
1.953000	-4.606139	8.015691	3.409552
1.954000	-4.626020	8.035569	3.409549
1.955000	-4.645818	8.055362	3.409544
1.956000	-4.665472	8.075012	3.409540
1.957000	-4.684933	8.094470	3.409537
1.958000	-4.704147	8.113680	3.409533
1.959000	-4.723061	8.132591	3.409531
1.960000	-4.741623	8.151150	3.409527
1.961000	-4.759781	8.169305	3.409524
1.962000	-4.777486	8.187008	3.409522
1.963000	-4.794689	8.204207	3.409518
1.964000	-4.811339	8.220855	3.409515
1.965000	-4.827391	8.236903	3.409513
1.966000	-4.842793	8.252304	3.409511
1.967000	-4.857504	8.267012	3.409507
1.968000	-4.871477	8.280980	3.409503
1.969000	-4.884665	8.294167	3.409502
1.970000	-4.897027	8.306524	3.409498
1.971000	-4.908518	8.318013	3.409495
1.972000	-4.919097	8.328589	3.409492
1.973000	-4.928723	8.338211	3.409488
1.974000	-4.937355	8.346840	3.409485
1.975000	-4.944951	8.354433	3.409482
1.976000	-4.951474	8.360953	3.409480
1.977000	-4.956884	8.366361	3.409476
1.978000	-4.961144	8.370618	3.409474
1.979000	-4.964215	8.373687	3.409472
1.980000	-4.966561	8.378521	3.411960
1.981000	-4.973101	8.385056	3.411955
1.982000	-4.978283	8.390234	3.411951
1.983000	-4.982062	8.394011	3.411948
1.984000	-4.984391	8.396336	3.411944
1.985000	-4.985221	8.397161	3.411940
1.986000	-4.984503	8.396439	3.411935
1.987000	-4.982188	8.394119	3.411931
1.988000	-4.978227	8.390155	3.411928
1.989000	-4.972569	8.384493	3.411923
1.990000	-4.965168	8.377087	3.411919
1.991000	-4.955972	8.367886	3.411914
1.992000	-4.944931	8.356840	3.411910
1.993000	-4.931994	8.343900	3.411905
1.994000	-4.917113	8.329016	3.411902
1.995000	-4.900238	8.312134	3.411896
1.996000	-4.881316	8.293207	3.411891
1.997000	-4.860300	8.272186	3.411886
1.998000	-4.837137	8.249019	3.411881
1.999000	-4.811781	8.223658	3.411876
2.000000	-4.784181	8.196054	3.411873
