0.000000	-817.416321	384.617096	-432.799225
0.005000	-817.830688	386.051514	-431.779175
0.010000	-818.509094	386.720947	-431.788147
0.015000	-819.426880	387.640472	-431.786407
0.020000	-820.595337	388.809845	-431.785492
0.025000	-822.009460	390.224304	-431.785156
0.030000	-823.662292	391.876526	-431.785767
0.035000	-825.533264	393.756561	-431.776703
0.040000	-827.622009	395.850647	-431.771362
0.045000	-829.904358	398.141327	-431.763031
0.050000	-832.359985	400.604523	-431.755463
0.055000	-834.954163	403.209045	-431.745117
0.060000	-837.656433	405.914276	-431.742157
0.065000	-840.401794	408.667450	-431.734344
0.070000	-843.128784	411.400635	-431.728149
0.075000	-845.756592	414.027985	-431.728607
0.080000	-848.170166	416.441895	-431.728271
0.085000	-850.239319	418.510315	-431.729004
0.090000	-851.810913	420.076294	-431.734619
0.095000	-852.704895	420.960999	-431.743896
0.100000	-852.736877	420.973938	-431.762939
0.105000	-851.711304	419.932861	-431.778442
0.110000	-849.493164	417.698578	-431.794586
0.115000	-846.028503	414.219666	-431.808838
0.120000	-841.386169	409.575897	-431.810272
0.125000	-835.813049	404.001587	-431.811462
0.130000	-829.674316	397.863525	-431.810791
0.135000	-823.405212	391.591339	-431.813873
0.140000	-817.410400	385.584229	-431.826172
0.145000	-811.987732	380.147949	-431.839783
0.150000	-807.336670	375.479889	-431.856781
0.155000	-803.569275	371.694855	-431.874420
0.160000	-800.737061	368.848816	-431.888245
0.165000	-798.846436	366.942474	-431.903961
0.170000	-797.831787	365.911987	-431.919800
0.175000	-797.556641	365.623749	-431.932892
0.180000	-797.849731	365.903564	-431.946167
0.185000	-798.530334	366.578247	-431.952087
0.190000	-799.476868	367.522003	-431.954865
0.195000	-800.632874	368.682983	-431.949890
0.200000	-802.011475	370.076294	-431.935181
0.205000	-803.677979	371.747711	-431.930267
0.210000	-805.650269	373.728668	-431.921600
0.215000	-807.918823	376.003204	-431.915619
0.220000	-810.413757	378.504364	-431.909393
0.225000	-813.042725	381.135986	-431.906738
0.230000	-815.702576	383.800751	-431.901825
0.235000	-818.308167	386.415344	-431.892822
0.240000	-820.796326	388.905609	-431.890717
0.245000	-823.080261	391.196716	-431.883545
0.250000	-825.085999	393.208618	-431.877380
0.255000	-826.742676	394.870178	-431.872498
0.260000	-828.011902	396.143280	-431.868622
0.265000	-828.904480	397.043762	-431.860718
0.270000	-829.492554	397.640930	-431.851624
0.275000	-829.876465	398.032532	-431.843933
0.280000	-830.147034	398.310089	-431.836945
0.285000	-830.375244	398.534271	-431.840973
0.290000	-830.567749	398.729828	-431.837921
0.295000	-830.747620	398.902893	-431.844727
0.300000	-830.905151	399.067688	-431.837463
0.305000	-831.116150	399.288483	-431.827667
0.310000	-831.526306	399.706085	-431.820221
0.315000	-832.323242	400.520203	-431.803040
0.320000	-833.700562	401.902222	-431.798340
0.325000	-835.693909	403.896118	-431.797791
0.330000	-838.194702	406.390839	-431.803864
0.335000	-840.991333	409.184814	-431.806519
0.340000	-843.877502	412.072754	-431.804749
0.345000	-846.701416	414.906250	-431.795166
0.350000	-849.398438	417.615356	-431.783081
0.355000	-851.972168	420.205872	-431.766296
0.360000	-854.482849	422.734711	-431.748138
0.365000	-857.013306	425.271301	-431.742004
0.370000	-859.581604	427.855774	-431.725830
0.375000	-862.188110	430.466949	-431.721161
0.380000	-864.732117	433.015533	-431.716583
0.385000	-867.083008	435.363800	-431.719208
0.390000	-869.087769	437.368134	-431.719635
0.395000	-870.641968	438.928192	-431.713776
0.400000	-871.724609	440.021515	-431.703094
0.405000	-872.400940	440.711334	-431.689606
0.410000	-872.797241	441.117554	-431.679688
0.415000	-873.035583	441.365234	-431.670349
0.420000	-873.213318	441.549988	-431.663330
0.425000	-873.394409	441.733612	-431.660797
0.430000	-873.620056	441.962616	-431.657440
0.435000	-873.924316	442.268463	-431.655853
0.440000	-874.305847	442.644562	-431.661285
0.445000	-874.679382	443.013428	-431.665955
0.450000	-874.907410	443.228607	-431.678802
0.455000	-874.815430	443.128235	-431.687195
0.460000	-874.310974	442.625061	-431.685913
0.465000	-873.453064	441.775970	-431.677094
0.470000	-872.441772	440.778931	-431.662842
0.475000	-871.536682	439.875366	-431.661316
0.480000	-870.893921	439.234314	-431.659607
0.485000	-870.570923	438.904785	-431.666138
0.490000	-870.526245	438.859863	-431.666382
0.495000	-870.727600	439.061859	-431.665741
0.500000	-871.160156	439.493500	-431.666656
0.505000	-871.809814	440.142151	-431.667664
0.510000	-872.632751	440.967499	-431.665253
0.515000	-873.556274	441.878937	-431.677338
0.520000	-874.432251	442.751190	-431.681061
0.525000	-875.159790	443.474854	-431.684937
0.530000	-875.693115	444.018402	-431.674713
0.535000	-876.111023	444.447296	-431.663727
0.540000	-876.527405	444.862823	-431.664581
0.545000	-876.974670	445.307587	-431.667084
0.550000	-877.401184	445.724884	-431.676300
0.555000	-877.690491	446.013428	-431.677063
0.560000	-877.777893	446.104858	-431.673035
0.565000	-877.653992	445.975128	-431.678864
0.570000	-877.276794	445.594757	-431.682037
0.575000	-876.566284	444.872009	-431.694275
0.580000	-875.371033	443.655548	-431.715485
0.585000	-873.518066	441.790009	-431.728058
0.590000	-870.925171	439.194122	-431.731049
0.595000	-867.644897	435.911560	-431.733337
0.600000	-863.851990	432.121155	-431.730835
0.605000	-859.838867	428.114746	-431.724121
0.610000	-855.973328	424.257202	-431.716125
0.615000	-852.661377	420.952972	-431.708405
0.620000	-850.303772	418.602661	-431.701111
0.625000	-849.230896	417.535645	-431.695251
0.630000	-849.637695	417.932526	-431.705170
0.635000	-851.475403	419.765503	-431.709900
0.640000	-854.526123	422.795502	-431.730621
0.645000	-858.375000	426.624207	-431.750793
0.650000	-862.532410	430.771088	-431.761322
0.655000	-866.527283	434.762054	-431.765228
0.660000	-869.963257	438.204834	-431.758423
0.665000	-872.589966	440.838135	-431.751831
0.670000	-874.290894	442.548035	-431.742859
0.675000	-875.079895	443.359680	-431.720215
0.680000	-875.108582	443.411072	-431.697510
0.685000	-874.599304	442.915527	-431.683777
0.690000	-873.786865	442.118256	-431.668610
0.695000	-872.912537	441.249390	-431.663147
0.700000	-872.145325	440.487152	-431.658173
0.705000	-871.595703	439.930878	-431.664825
0.710000	-871.262268	439.585571	-431.676697
0.715000	-871.051514	439.365021	-431.686493
0.720000	-870.812073	439.104919	-431.707153
0.725000	-870.322876	438.599762	-431.723114
0.730000	-869.414368	437.682190	-431.732178
0.735000	-868.076355	436.353394	-431.722961
0.740000	-866.598511	434.904724	-431.693787
0.745000	-865.556091	433.898743	-431.657349
0.750000	-865.555481	433.906555	-431.648926
0.755000	-866.817383	435.156586	-431.660797
0.760000	-869.102051	437.406769	-431.695282
0.765000	-871.858398	440.146912	-431.711487
0.770000	-874.610962	442.889038	-431.721924
0.775000	-877.013916	445.302490	-431.711426
0.780000	-878.893433	447.183594	-431.709839
0.785000	-880.077881	448.360931	-431.716949
0.790000	-880.363159	448.635895	-431.727264
0.795000	-879.546875	447.806580	-431.740295
0.800000	-877.511658	445.772919	-431.738739
0.805000	-874.394775	442.672424	-431.722351
0.810000	-870.642334	438.957458	-431.684875
0.815000	-866.976868	435.316956	-431.659912
0.820000	-864.074646	432.424286	-431.650360
0.825000	-862.324463	430.656616	-431.667847
0.830000	-861.683655	429.985382	-431.698273
0.835000	-861.823425	430.098663	-431.724762
0.840000	-862.357422	430.614929	-431.742493
0.845000	-862.989441	431.241364	-431.748077
0.850000	-863.566711	431.821777	-431.744934
0.855000	-864.059326	432.321381	-431.737946
0.860000	-864.504761	432.774078	-431.730682
0.865000	-864.941833	433.214752	-431.727081
0.870000	-865.352661	433.624756	-431.727905
0.875000	-865.653137	433.913055	-431.740082
0.880000	-865.697327	433.951111	-431.746216
0.885000	-865.388977	433.640686	-431.748291
0.890000	-864.720886	432.976166	-431.744720
0.895000	-863.807678	432.068909	-431.738770
0.900000	-862.844055	431.114441	-431.729614
0.905000	-862.053955	430.331818	-431.722137
0.910000	-861.631958	429.917511	-431.714447
0.915000	-861.727173	430.015442	-431.711731
0.920000	-862.391357	430.679016	-431.712341
0.925000	-863.559875	431.837982	-431.721893
0.930000	-865.032715	433.297638	-431.735077
0.935000	-866.532166	434.786774	-431.745392
0.940000	-867.785583	436.035034	-431.750549
0.945000	-868.596008	436.851013	-431.744995
0.950000	-868.919495	437.181152	-431.738342
0.955000	-868.839966	437.120422	-431.719543
0.960000	-868.574219	436.871094	-431.703125
0.965000	-868.351929	436.657898	-431.694031
0.970000	-868.336731	436.648804	-431.687927
0.975000	-868.606689	436.916168	-431.690521
0.980000	-869.140808	437.449005	-431.691803
0.985000	-869.889893	438.193695	-431.696198
0.990000	-870.780762	439.086731	-431.694031
0.995000	-871.757446	440.064087	-431.693359
1.000000	-872.753662	441.059967	-431.693695
1.005000	-873.701660	442.006653	-431.695007
1.010000	-874.538574	442.844482	-431.694092
1.015000	-875.217896	443.523132	-431.694763
1.020000	-875.703918	444.007935	-431.695984
1.025000	-875.981567	444.292725	-431.688843
1.030000	-876.116638	444.436554	-431.680084
1.035000	-876.264954	444.602356	-431.662598
1.040000	-876.692322	445.048492	-431.643829
1.045000	-877.669250	446.035797	-431.633453
1.050000	-879.324951	447.687134	-431.637817
1.055000	-881.555603	449.903900	-431.651703
1.060000	-884.073669	452.414185	-431.659485
1.065000	-886.595703	454.934021	-431.661682
1.070000	-888.947876	457.304626	-431.643250
1.075000	-891.127625	459.486420	-431.641205
1.080000	-893.060425	461.419464	-431.640961
1.085000	-894.562378	462.909637	-431.652740
1.090000	-895.325317	463.666168	-431.659149
1.095000	-895.104614	463.434448	-431.670166
1.100000	-893.762268	462.095520	-431.666748
1.105000	-891.352478	459.684174	-431.668304
1.110000	-888.020752	456.360260	-431.660492
1.115000	-884.037415	452.381500	-431.655914
1.120000	-879.738159	448.084961	-431.653198
1.125000	-875.512085	443.865875	-431.646210
1.130000	-871.761719	440.111908	-431.649811
1.135000	-868.756165	437.093048	-431.663116
1.140000	-866.559570	434.871674	-431.687897
1.145000	-865.036438	433.322876	-431.713562
1.150000	-864.005920	432.278992	-431.726929
1.155000	-863.420044	431.697174	-431.722870
1.160000	-863.427734	431.715302	-431.712433
1.165000	-864.230164	432.523560	-431.706604
1.170000	-865.860596	434.140656	-431.719940
1.175000	-868.044312	436.302673	-431.741638
1.180000	-870.321045	438.564819	-431.756226
1.185000	-872.278381	440.516235	-431.762146
1.190000	-873.684387	441.932770	-431.751617
1.195000	-874.545288	442.813629	-431.731659
1.200000	-875.046631	443.337769	-431.708862
1.205000	-875.485596	443.804840	-431.680756
1.210000	-876.238525	444.580475	-431.658051
1.215000	-877.645142	446.010437	-431.634705
1.220000	-879.922302	448.291718	-431.630585
1.225000	-882.999512	451.358826	-431.640686
1.230000	-886.544312	454.892517	-431.651794
1.235000	-890.130249	458.465271	-431.664978
1.240000	-893.376953	461.715454	-431.661499
1.245000	-896.080688	464.438202	-431.642487
1.250000	-898.190308	466.564972	-431.625336
1.255000	-899.716980	468.104614	-431.612366
1.260000	-900.693298	469.087677	-431.605621
1.265000	-901.148743	469.546326	-431.602417
1.270000	-901.118164	469.526428	-431.591736
1.275000	-900.701599	469.115814	-431.585785
1.280000	-900.037720	468.459564	-431.578156
1.285000	-899.309937	467.736511	-431.573425
1.290000	-898.665344	467.093597	-431.571747
1.295000	-898.156677	466.574158	-431.582520
1.300000	-897.696472	466.096649	-431.599823
1.305000	-897.121521	465.509827	-431.611694
1.310000	-896.308228	464.691803	-431.616425
1.315000	-895.243225	463.627441	-431.615784
1.320000	-894.037781	462.432617	-431.605164
1.325000	-892.915100	461.317230	-431.597870
1.330000	-892.092163	460.494354	-431.597809
1.335000	-891.670410	460.060303	-431.610107
1.340000	-891.540344	459.911530	-431.628815
1.345000	-891.430420	459.778137	-431.652283
1.350000	-891.032166	459.362518	-431.669647
1.355000	-890.166016	458.503723	-431.662292
1.360000	-888.914246	457.263275	-431.650970
1.365000	-887.535156	455.903137	-431.632019
1.370000	-886.386597	454.767609	-431.618988
1.375000	-885.745422	454.130249	-431.615173
1.380000	-885.714233	454.091858	-431.622375
1.385000	-886.219055	454.583435	-431.635620
1.390000	-887.091614	455.448334	-431.643280
1.395000	-888.175354	456.528320	-431.647034
1.400000	-889.357117	457.711182	-431.645935
1.405000	-890.581970	458.941650	-431.640320
1.410000	-891.852478	460.221680	-431.630798
1.415000	-893.224182	461.603088	-431.621094
1.420000	-894.760681	463.154663	-431.606018
1.425000	-896.513306	464.910706	-431.602600
1.430000	-898.435913	466.828369	-431.607544
1.435000	-900.406128	468.797821	-431.608307
1.440000	-902.304688	470.704987	-431.599701
1.445000	-904.085815	472.494446	-431.591370
1.450000	-905.763489	474.177124	-431.586365
1.455000	-907.350403	475.770813	-431.579590
1.460000	-908.810303	477.229309	-431.580994
1.465000	-910.009216	478.427246	-431.581970
1.470000	-910.787659	479.205231	-431.582428
1.475000	-911.018066	479.431610	-431.586456
1.480000	-910.617432	479.026794	-431.590637
1.485000	-909.553223	477.955750	-431.597473
1.490000	-907.808350	476.208374	-431.599976
1.495000	-905.412720	473.798126	-431.614594
1.500000	-902.403687	470.789062	-431.614624
1.505000	-898.952881	467.338623	-431.614258
1.510000	-895.327698	463.722015	-431.605682
1.515000	-891.916077	460.318024	-431.598053
1.520000	-889.141235	457.553406	-431.587830
1.525000	-887.415771	455.838623	-431.577148
1.530000	-887.078979	455.503601	-431.575378
1.535000	-888.299927	456.719482	-431.580444
1.540000	-891.007080	459.405487	-431.601593
1.545000	-894.813232	463.187073	-431.626160
1.550000	-899.111755	467.455597	-431.656158
1.555000	-903.185425	471.516327	-431.669098
1.560000	-906.435913	474.747620	-431.688293
1.565000	-908.394775	476.709991	-431.684784
1.570000	-908.853149	477.179749	-431.673401
1.575000	-907.805054	476.140594	-431.664459
1.580000	-905.415466	473.775604	-431.639862
1.585000	-902.083008	470.469788	-431.613220
1.590000	-898.369751	466.784607	-431.585144
1.595000	-894.918091	463.350128	-431.567963
1.600000	-892.256348	460.692474	-431.563873
1.605000	-890.653137	459.071503	-431.581635
1.610000	-890.022400	458.412445	-431.609955
1.615000	-890.009094	458.363525	-431.645569
1.620000	-890.122803	458.454742	-431.668060
1.625000	-889.968445	458.285858	-431.682587
1.630000	-889.338135	457.657196	-431.680939
1.635000	-888.267395	456.602997	-431.664398
1.640000	-886.994141	455.341125	-431.653015
1.645000	-885.815552	454.179779	-431.635773
1.650000	-885.041931	453.412567	-431.629364
1.655000	-884.862061	453.230011	-431.632050
1.660000	-885.316223	453.674774	-431.641449
1.665000	-886.311707	454.661530	-431.650177
1.670000	-887.706787	456.049377	-431.657410
1.675000	-889.365967	457.706787	-431.659180
1.680000	-891.183167	459.517426	-431.665741
1.685000	-893.005249	461.334930	-431.670319
1.690000	-894.635925	462.954712	-431.681213
1.695000	-895.835083	464.151184	-431.683899
1.700000	-896.447815	464.764191	-431.683624
1.705000	-896.444763	464.776245	-431.668518
1.710000	-895.980103	464.337433	-431.642670
1.715000	-895.345032	463.723175	-431.621857
1.720000	-894.838135	463.226654	-431.611481
1.725000	-894.644531	463.029694	-431.614838
1.730000	-894.760132	463.134644	-431.625488
1.735000	-895.029602	463.390869	-431.638733
1.740000	-895.235413	463.582001	-431.653412
1.745000	-895.164551	463.506226	-431.658325
1.750000	-894.694519	463.026611	-431.667908
1.755000	-893.742249	462.070984	-431.671265
1.760000	-892.270752	460.584381	-431.686371
1.765000	-890.183350	458.481384	-431.701965
1.770000	-887.394653	455.676056	-431.718597
1.775000	-883.938599	452.225891	-431.712708
1.780000	-880.184021	448.498169	-431.685852
1.785000	-876.827942	445.170135	-431.657806
1.790000	-874.616211	442.972992	-431.643219
1.795000	-873.995300	442.339050	-431.656250
1.800000	-874.944763	443.271667	-431.673096
1.805000	-877.221924	445.533295	-431.688629
1.810000	-880.546997	448.856812	-431.690186
1.815000	-884.637756	452.939362	-431.698395
1.820000	-889.070862	457.358765	-431.712097
1.825000	-893.350403	461.636414	-431.713989
1.830000	-897.113464	465.417267	-431.696198
1.835000	-900.231567	468.552032	-431.679535
1.840000	-902.673035	471.007996	-431.665039
1.845000	-904.393494	472.735931	-431.657562
1.850000	-905.304871	473.653473	-431.651398
1.855000	-905.395508	473.759613	-431.635895
1.860000	-904.841797	473.226135	-431.615662
1.865000	-903.943176	472.349243	-431.593933
1.870000	-902.995483	471.407532	-431.587952
1.875000	-902.145874	470.556702	-431.589172
1.880000	-901.421265	469.823456	-431.597809
1.885000	-900.782471	469.172302	-431.610168
1.890000	-900.168823	468.548279	-431.620544
1.895000	-899.492126	467.859741	-431.632385
1.900000	-898.599060	466.943481	-431.655579
1.905000	-897.249756	465.574982	-431.674774
1.910000	-895.240601	463.550995	-431.689606
1.915000	-892.491333	460.798096	-431.693237
1.920000	-889.144897	457.465912	-431.678986
1.925000	-885.616577	453.962799	-431.653778
1.930000	-882.530884	450.912048	-431.618835
1.935000	-880.604187	449.011505	-431.592682
1.940000	-880.393372	448.802002	-431.591370
1.945000	-882.047913	450.433563	-431.614349
1.950000	-885.228638	453.580994	-431.647644
1.955000	-889.271179	457.587921	-431.683258
1.960000	-893.430115	461.732422	-431.697693
1.965000	-897.131287	465.421143	-431.710144
1.970000	-899.947327	468.239044	-431.708282
1.975000	-901.629395	469.919708	-431.709686
1.980000	-902.027588	470.329987	-431.697601
1.985000	-901.176575	469.488525	-431.688049
1.990000	-899.266785	467.598297	-431.668488
1.995000	-896.701721	465.057648	-431.644073
2.000000	-894.027344	462.403625	-431.623718
2.005000	-891.745117	460.123474	-431.621643
2.010000	-890.060181	458.406036	-431.654144
2.015000	-888.731201	457.042999	-431.688202
2.020000	-887.334900	455.622986	-431.711914
2.025000	-885.583130	453.869537	-431.713593
2.030000	-883.556458	451.867798	-431.688660
2.035000	-881.695984	450.036560	-431.659424
2.040000	-880.538269	448.905029	-431.633240
2.045000	-880.526794	448.897644	-431.629150
2.050000	-881.859802	450.229889	-431.629913
2.055000	-884.504639	452.856689	-431.647949
2.060000	-888.094055	456.419037	-431.675018
2.065000	-891.989136	460.280762	-431.708374
2.070000	-895.451904	463.728821	-431.723083
2.075000	-897.962830	466.240906	-431.721924
2.080000	-899.326904	467.622101	-431.704803
2.085000	-899.620361	467.933289	-431.687073
2.090000	-899.017761	467.344727	-431.673035
2.095000	-897.743530	466.088745	-431.654785
2.100000	-896.116577	464.488037	-431.628540
2.105000	-894.533813	462.919098	-431.614716
2.110000	-893.294861	461.686951	-431.607910
2.115000	-892.544617	460.932800	-431.611816
2.120000	-892.266418	460.641266	-431.625153
2.125000	-892.343384	460.714264	-431.629120
2.130000	-892.675049	461.041016	-431.634033
2.135000	-893.154297	461.518616	-431.635681
2.140000	-893.702576	462.063995	-431.638580
2.145000	-894.270264	462.635437	-431.634827
2.150000	-894.897400	463.274139	-431.623260
2.155000	-895.702148	464.088989	-431.613159
2.160000	-896.756348	465.142426	-431.613922
2.165000	-897.963623	466.334442	-431.629181
2.170000	-899.066528	467.429138	-431.637390
2.175000	-899.837158	468.198700	-431.638458
2.180000	-900.151550	468.513916	-431.637634
2.185000	-899.958740	468.313416	-431.645325
2.190000	-899.177734	467.519897	-431.657837
2.195000	-897.675476	465.998932	-431.676544
2.200000	-895.291565	463.599335	-431.692230
2.205000	-891.961853	460.263458	-431.698395
2.210000	-887.843506	456.144806	-431.698700
2.215000	-883.317688	451.632629	-431.685059
2.220000	-878.876038	447.179413	-431.696625
2.225000	-874.775452	443.057281	-431.718170
2.230000	-871.088928	439.355896	-431.733032
2.235000	-867.972290	436.247192	-431.725098
2.240000	-865.790161	434.067993	-431.722168
2.245000	-864.763977	433.013458	-431.750519
2.250000	-864.711914	432.936096	-431.775818
2.255000	-865.439636	433.680206	-431.759430
2.260000	-867.256714	435.558655	-431.698059
2.265000	-870.864929	439.194611	-431.670319
2.270000	-876.376465	444.649933	-431.726532
2.275000	-882.741516	450.953369	-431.788147
2.280000	-888.568787	456.765625	-431.803162
2.285000	-892.997314	461.212250	-431.785065
2.290000	-895.788879	464.041290	-431.747589
2.295000	-897.116943	465.414642	-431.702301
2.300000	-897.430237	465.775879	-431.654358
2.305000	-897.374939	465.765961	-431.608978
2.310000	-897.590820	466.005127	-431.585693
2.315000	-898.380615	466.784515	-431.596100
2.320000	-899.597778	467.982605	-431.615173
2.325000	-900.948547	469.332092	-431.616455
2.330000	-902.362427	470.770905	-431.591522
2.335000	-904.089600	472.529724	-431.559875
2.340000	-906.413513	474.855835	-431.557678
2.345000	-909.215942	477.627777	-431.588165
2.350000	-911.878357	480.250244	-431.628113
2.355000	-913.593872	481.942871	-431.651001
2.360000	-913.771912	482.115509	-431.656403
2.365000	-912.203064	480.557220	-431.645844
2.370000	-909.060608	477.443665	-431.616943
2.375000	-904.875427	473.300873	-431.574554
2.380000	-900.457947	468.926239	-431.531708
2.385000	-896.718811	465.214233	-431.504578
2.390000	-894.374939	462.872803	-431.502136
2.395000	-893.701843	462.174683	-431.527161
2.400000	-894.474609	462.904175	-431.570435
2.405000	-896.130188	464.519623	-431.610565
2.410000	-898.030579	466.402191	-431.628387
2.415000	-899.691772	468.055817	-431.635956
2.420000	-900.812622	469.178314	-431.634308
2.425000	-901.268860	469.637878	-431.630981
2.430000	-901.027405	469.405334	-431.622070
2.435000	-900.125549	468.500336	-431.625214
2.440000	-898.600464	466.977203	-431.623260
2.445000	-896.550659	464.934692	-431.615967
2.450000	-894.150940	462.537750	-431.613190
2.455000	-891.622070	460.016174	-431.605896
2.460000	-889.241394	457.640442	-431.600952
2.465000	-887.262024	455.664825	-431.597198
2.470000	-885.857300	454.254700	-431.602600
2.475000	-885.053650	453.435394	-431.618256
2.480000	-884.733398	453.097778	-431.635620
2.485000	-884.709106	453.058929	-431.650177
2.490000	-884.799133	453.143768	-431.655365
2.495000	-884.893799	453.229523	-431.664276
2.500000	-884.909424	453.241241	-431.668182
2.505000	-884.795105	453.119507	-431.675598
2.510000	-884.471924	452.789551	-431.682373
2.515000	-883.843689	452.152374	-431.691315
2.520000	-882.798096	451.100006	-431.698090
2.525000	-881.264038	449.553619	-431.710419
2.530000	-879.219727	447.511139	-431.708588
2.535000	-876.788391	445.077759	-431.710632
2.540000	-874.157715	442.451233	-431.706482
2.545000	-871.551880	439.843231	-431.708649
2.550000	-869.121155	437.399384	-431.721771
2.555000	-866.917542	435.186737	-431.730804
2.560000	-864.998596	433.266968	-431.731628
2.565000	-863.499451	431.777344	-431.722107
2.570000	-862.652710	430.937286	-431.715424
2.575000	-862.667725	430.958649	-431.709076
2.580000	-863.639038	431.927063	-431.711975
2.585000	-865.472656	433.751190	-431.721466
2.590000	-867.956177	436.231201	-431.724976
2.595000	-870.888428	439.172974	-431.715454
2.600000	-874.153076	442.450470	-431.702606
2.605000	-877.675049	445.983337	-431.691711
2.610000	-881.358948	449.674591	-431.684357
2.615000	-885.044006	453.360352	-431.683655
2.620000	-888.488403	456.805176	-431.683228
2.625000	-891.424377	459.736542	-431.687836
2.630000	-893.586487	461.900391	-431.686096
2.635000	-894.791687	463.106781	-431.684906
2.640000	-894.938660	463.252594	-431.686066
2.645000	-894.014099	462.335510	-431.678589
2.650000	-892.148560	460.475891	-431.672668
2.655000	-889.588684	457.926422	-431.662262
2.660000	-886.684570	455.026917	-431.657654
2.665000	-883.787476	452.131500	-431.655975
2.670000	-881.249939	449.607605	-431.642334
2.675000	-879.571289	447.961029	-431.610260
2.680000	-879.444763	447.860626	-431.584137
2.685000	-881.346497	449.745270	-431.601227
2.690000	-884.960449	453.292542	-431.667908
2.695000	-889.197327	457.483459	-431.713867
2.700000	-892.982605	461.246674	-431.735931
2.705000	-895.667847	463.943390	-431.724457
2.710000	-897.104309	465.413910	-431.690399
2.715000	-897.502930	465.843811	-431.659119
2.720000	-897.253601	465.628723	-431.624878
2.725000	-896.829956	465.227814	-431.602142
2.730000	-896.577332	464.978394	-431.598938
2.735000	-896.563293	464.953156	-431.610138
2.740000	-896.608643	464.977203	-431.631439
2.745000	-896.432922	464.789154	-431.643768
2.750000	-895.854431	464.213684	-431.640747
2.755000	-894.871826	463.233521	-431.638306
2.760000	-893.585571	461.957672	-431.627899
2.765000	-892.171631	460.545471	-431.626160
2.770000	-890.767639	459.144745	-431.622894
2.775000	-889.496704	457.871948	-431.624756
2.780000	-888.446106	456.815155	-431.630951
2.785000	-887.666443	456.029968	-431.636475
2.790000	-887.179443	455.535858	-431.643585
2.795000	-886.965515	455.313171	-431.652344
2.800000	-886.943604	455.275787	-431.667816
2.805000	-886.907104	455.211304	-431.695801
2.810000	-886.513855	454.789185	-431.724670
2.815000	-885.448242	453.717621	-431.730621
2.820000	-883.668213	451.952240	-431.715973
2.825000	-881.475647	449.790955	-431.684692
2.830000	-879.449707	447.800812	-431.648895
2.835000	-878.236206	446.610321	-431.625885
2.840000	-878.273926	446.642273	-431.631653
2.845000	-879.583496	447.930389	-431.653107
2.850000	-881.810730	450.131256	-431.679474
2.855000	-884.403320	452.694305	-431.709015
2.860000	-886.784912	455.064209	-431.720703
2.865000	-888.551880	456.833832	-431.718048
2.870000	-889.523193	457.817505	-431.705688
2.875000	-889.743958	458.055084	-431.688873
2.880000	-889.388611	457.713013	-431.675598
2.885000	-888.607849	456.930298	-431.677551
2.890000	-887.409363	455.724396	-431.684967
2.895000	-885.733948	454.043518	-431.690430
2.900000	-883.605347	451.920135	-431.685211
2.905000	-881.259277	449.595673	-431.663605
2.910000	-879.161194	447.520111	-431.641083
2.915000	-877.818848	446.195282	-431.623566
2.920000	-877.561340	445.922577	-431.638763
2.925000	-878.303040	446.640472	-431.662567
2.930000	-879.681580	447.995667	-431.685913
2.935000	-881.269775	449.575867	-431.693909
2.940000	-882.790588	451.097229	-431.693359
2.945000	-884.121460	452.439850	-431.681610
2.950000	-885.257080	453.585480	-431.671600
2.955000	-886.216492	454.555145	-431.661346
2.960000	-887.036926	455.379333	-431.657593
2.965000	-887.740967	456.088104	-431.652863
2.970000	-888.337097	456.686066	-431.651031
2.975000	-888.778870	457.126556	-431.652313
2.980000	-888.960815	457.304626	-431.656189
2.985000	-888.750793	457.091705	-431.659088
2.990000	-888.052917	456.392944	-431.659973
2.995000	-886.849121	455.191315	-431.657806
3.000000	-885.206726	453.554169	-431.652557
3.005000	-883.258484	451.612122	-431.646362
3.010000	-881.172729	449.525879	-431.646851
3.015000	-879.101440	447.454407	-431.647034
3.020000	-877.178955	445.530914	-431.648041
3.025000	-875.500305	443.845734	-431.654572
3.030000	-874.100647	442.437500	-431.663147
3.035000	-872.969849	441.298401	-431.671448
3.040000	-872.070496	440.388489	-431.682007
3.045000	-871.347351	439.661194	-431.686157
3.050000	-870.785217	439.099396	-431.685822
3.055000	-870.435547	438.753357	-431.682190
3.060000	-870.432129	438.761871	-431.670258
3.065000	-870.991028	439.333771	-431.657257
3.070000	-872.321716	440.678619	-431.643097
3.075000	-874.560608	442.927368	-431.633240
3.080000	-877.711609	446.083313	-431.628296
3.085000	-881.651306	450.018646	-431.632660
3.090000	-886.128601	454.491089	-431.637512
3.095000	-890.798950	459.155396	-431.643555
3.100000	-895.237976	463.586853	-431.651123
3.105000	-898.987610	467.326843	-431.660767
3.110000	-901.615784	469.953552	-431.662231
3.115000	-902.815735	471.150085	-431.665649
3.120000	-902.423462	470.763245	-431.660217
3.125000	-900.482971	468.838287	-431.644684
3.130000	-897.258789	465.633850	-431.624939
3.135000	-893.202209	461.598511	-431.603699
3.140000	-888.893555	457.307770	-431.585785
3.145000	-884.925049	453.353088	-431.571960
3.150000	-881.786621	450.220245	-431.566376
3.155000	-879.770386	448.189758	-431.580627
3.160000	-878.906433	447.303894	-431.602539
3.165000	-879.023010	447.397858	-431.625153
3.170000	-879.812988	448.168549	-431.644440
3.175000	-880.919861	449.256012	-431.663849
3.180000	-881.983215	450.304993	-431.678223
3.185000	-882.692749	450.999115	-431.693634
3.190000	-882.784729	451.078979	-431.705750
3.195000	-882.073059	450.361298	-431.711761
3.200000	-880.478333	448.765869	-431.712463
3.205000	-878.060364	446.351318	-431.709045
3.210000	-875.036804	443.336975	-431.699829
3.215000	-871.768677	440.084473	-431.684204
3.220000	-868.694214	437.013367	-431.680847
3.225000	-866.160156	434.474091	-431.686066
3.230000	-864.364563	432.669800	-431.694763
3.235000	-863.394653	431.701752	-431.692902
3.240000	-863.366089	431.677460	-431.688629
3.245000	-864.417542	432.727722	-431.689819
3.250000	-866.557373	434.858643	-431.698730
3.255000	-869.527100	437.802032	-431.725067
3.260000	-872.780457	441.026001	-431.754456
3.265000	-875.644226	443.865234	-431.778992
3.270000	-877.483276	445.682098	-431.801178
3.275000	-877.829956	446.026917	-431.803040
3.280000	-876.551880	444.767853	-431.784027
3.285000	-873.902588	442.151672	-431.750916
3.290000	-870.493652	438.784576	-431.709076
3.295000	-867.180359	435.515411	-431.664948
3.300000	-864.843750	433.201691	-431.642059
3.305000	-864.073975	432.425690	-431.648285
3.310000	-864.976990	433.298462	-431.678528
3.315000	-867.170959	435.451843	-431.719116
3.320000	-869.940674	438.171234	-431.769440
3.325000	-872.409180	440.597504	-431.811676
3.330000	-873.782104	441.947815	-431.834290
3.335000	-873.562744	441.723480	-431.839264
3.340000	-871.687988	439.872925	-431.815063
3.345000	-868.615173	436.854889	-431.760284
3.350000	-865.253662	433.545135	-431.708527
3.355000	-862.598206	430.920288	-431.677917
3.360000	-861.334290	429.649628	-431.684662
3.365000	-861.601807	429.897247	-431.704559
3.370000	-863.164246	431.429382	-431.734863
3.375000	-865.575134	433.821533	-431.753601
3.380000	-868.370667	436.608398	-431.762268
3.385000	-871.151672	439.381287	-431.770386
3.390000	-873.628296	441.868469	-431.759827
3.395000	-875.717468	443.975983	-431.741486
3.400000	-877.489075	445.769226	-431.719849
3.405000	-879.094177	447.396973	-431.697205
3.410000	-880.694275	449.011414	-431.682861
3.415000	-882.396606	450.725525	-431.671082
3.420000	-884.274048	452.618774	-431.655273
3.425000	-886.407837	454.763489	-431.644348
3.430000	-888.852722	457.225159	-431.627563
3.435000	-891.653198	460.037628	-431.615570
3.440000	-894.766541	463.153595	-431.612946
3.445000	-898.032043	466.416077	-431.615967
3.450000	-901.188538	469.568268	-431.620270
3.455000	-903.927246	472.305817	-431.621429
3.460000	-905.971985	474.347717	-431.624268
3.465000	-907.112549	475.493713	-431.618835
3.470000	-907.273499	475.664856	-431.608643
3.475000	-906.519409	474.925201	-431.594208
3.480000	-905.055420	473.478455	-431.576965
3.485000	-903.194397	471.636688	-431.557709
3.490000	-901.306213	469.765228	-431.540985
3.495000	-899.748779	468.220886	-431.527893
3.500000	-898.804749	467.283569	-431.521179
3.505000	-898.617126	467.085571	-431.531555
3.510000	-899.097717	467.541077	-431.556641
3.515000	-899.910645	468.328766	-431.581879
3.520000	-900.584412	468.972382	-431.612030
3.525000	-900.632202	469.004761	-431.627441
3.530000	-899.754578	468.124481	-431.630096
3.535000	-897.888916	466.269684	-431.619232
3.540000	-895.200928	463.593353	-431.607574
3.545000	-891.989990	460.391266	-431.598724
3.550000	-888.615601	457.021332	-431.594269
3.555000	-885.429565	453.840942	-431.588623
3.560000	-882.741211	451.155457	-431.585754
3.565000	-880.769409	449.173492	-431.595917
3.570000	-879.585266	447.979095	-431.606171
3.575000	-879.155029	447.533295	-431.621735
3.580000	-879.346802	447.712738	-431.634064
3.585000	-880.002258	448.364716	-431.637543
3.590000	-880.989685	449.342621	-431.647064
3.595000	-882.156189	450.504150	-431.652039
3.600000	-883.342834	451.685791	-431.657043
3.605000	-884.367615	452.704346	-431.663269
3.610000	-885.060608	453.394897	-431.665710
3.615000	-885.325623	453.663330	-431.662292
3.620000	-885.178711	453.518341	-431.660370
3.625000	-884.703552	453.052643	-431.650909
3.630000	-884.028015	452.375732	-431.652283
3.635000	-883.207275	451.543915	-431.663361
3.640000	-882.213196	450.545929	-431.667267
3.645000	-881.026978	449.356842	-431.670135
3.650000	-879.678528	448.007629	-431.670898
3.655000	-878.288635	446.625000	-431.663635
3.660000	-877.076111	445.426483	-431.649628
3.665000	-876.317749	444.673859	-431.643890
3.670000	-876.241089	444.604401	-431.636688
3.675000	-876.994202	445.357941	-431.636261
3.680000	-878.568970	446.918213	-431.650757
3.685000	-880.745728	449.079681	-431.666046
3.690000	-883.145020	451.455292	-431.689728
3.695000	-885.268005	453.563293	-431.704712
3.700000	-886.695496	454.978058	-431.717438
3.705000	-887.182739	455.468719	-431.714020
3.710000	-886.750427	455.058411	-431.692017
3.715000	-885.656860	453.978546	-431.678314
3.720000	-884.219177	452.554657	-431.664520
3.725000	-882.737732	451.075409	-431.662323
3.730000	-881.401794	449.741333	-431.660461
3.735000	-880.363892	448.709564	-431.654327
3.740000	-879.795410	448.150909	-431.644501
3.745000	-879.856873	448.217133	-431.639740
3.750000	-880.603455	448.955017	-431.648438
3.755000	-881.924316	450.276245	-431.648071
3.760000	-883.662292	452.008789	-431.653503
3.765000	-885.606628	453.949615	-431.657013
3.770000	-887.544373	455.885590	-431.658783
3.775000	-889.259521	457.593079	-431.666443
3.780000	-890.536743	458.863922	-431.672821
3.785000	-891.221802	459.552887	-431.668915
3.790000	-891.286133	459.623749	-431.662384
3.795000	-890.811157	459.165894	-431.645264
3.800000	-890.000793	458.369598	-431.631195
3.805000	-889.088440	457.471375	-431.617065
3.810000	-888.306763	456.695404	-431.611359
3.815000	-887.813171	456.205750	-431.607422
3.820000	-887.691223	456.076569	-431.614655
3.825000	-887.908875	456.287598	-431.621277
3.830000	-888.367249	456.738098	-431.629150
3.835000	-888.915771	457.272003	-431.643768
3.840000	-889.347046	457.693787	-431.653259
3.845000	-889.443298	457.770508	-431.672791
3.850000	-888.927979	457.234558	-431.693420
3.855000	-887.531250	455.817444	-431.713806
3.860000	-885.095581	453.384033	-431.711548
3.865000	-881.864136	450.190948	-431.673187
3.870000	-878.681519	447.078094	-431.603424
3.875000	-876.747864	445.174255	-431.573608
3.880000	-876.703430	445.092743	-431.610687
3.885000	-878.170044	446.510651	-431.659393
3.890000	-880.362671	448.681366	-431.681305
3.895000	-882.775757	451.109222	-431.666534
3.900000	-885.340637	453.696228	-431.644409
3.905000	-888.157532	456.540131	-431.617401
3.910000	-891.334778	459.726257	-431.608521
3.915000	-894.838440	463.236664	-431.601776
3.920000	-898.535828	466.934814	-431.601013
3.925000	-902.202698	470.596191	-431.606506
3.930000	-905.550598	473.941589	-431.609009
3.935000	-908.286194	476.669556	-431.616638
3.940000	-910.111938	478.484955	-431.626984
3.945000	-910.765015	479.136505	-431.628510
3.950000	-910.101990	478.470337	-431.631653
3.955000	-908.118958	476.495026	-431.623932
3.960000	-905.036133	473.427887	-431.608246
3.965000	-901.266357	469.675812	-431.590546
3.970000	-897.327332	465.750183	-431.577148
3.975000	-893.715210	462.144287	-431.570923
3.980000	-890.803162	459.231201	-431.571960
3.985000	-888.802185	457.208649	-431.593536
3.990000	-887.696350	456.083984	-431.612366
3.995000	-887.350098	455.722748	-431.627350
4.000000	-887.595581	455.959351	-431.636230
4.005000	-888.328857	456.698456	-431.630402
4.010000	-889.542358	457.907104	-431.635254
4.015000	-891.141968	459.505280	-431.636688
4.020000	-892.938599	461.285950	-431.652649
4.025000	-894.614624	462.958679	-431.655945
4.030000	-895.933105	464.274017	-431.659088
4.035000	-896.764160	465.112000	-431.652161
4.040000	-897.115906	465.471924	-431.643982
4.045000	-897.029175	465.389679	-431.639496
4.050000	-896.516113	464.870544	-431.645569
4.055000	-895.543518	463.895233	-431.648285
4.060000	-894.131775	462.488098	-431.643677
4.065000	-892.411377	460.775513	-431.635864
4.070000	-890.615417	458.985535	-431.629883
4.075000	-889.013306	457.388275	-431.625031
4.080000	-887.828674	456.211548	-431.617126
4.085000	-887.190613	455.568237	-431.622375
4.090000	-887.053406	455.415558	-431.637848
4.095000	-887.229187	455.572571	-431.656616
4.100000	-887.472717	455.804779	-431.667938
4.105000	-887.608154	455.937164	-431.670990
4.110000	-887.595032	455.931396	-431.663635
4.115000	-887.545715	455.897705	-431.648010
4.120000	-887.668701	456.036957	-431.631744
4.125000	-888.174377	456.549866	-431.624512
4.130000	-889.169434	457.546875	-431.622559
4.135000	-890.619995	458.992401	-431.627594
4.140000	-892.349915	460.711578	-431.638336
4.145000	-894.095703	462.451965	-431.643738
4.150000	-895.612488	463.964203	-431.648285
4.155000	-896.715820	465.067017	-431.648804
4.160000	-897.310242	465.666290	-431.643951
4.165000	-897.369507	465.727844	-431.641663
4.170000	-896.864136	465.221161	-431.642975
4.175000	-895.726562	464.068298	-431.658264
4.180000	-893.819458	462.139008	-431.680450
4.185000	-890.998840	459.307556	-431.691284
4.190000	-887.260315	455.563171	-431.697144
4.195000	-882.799988	451.111816	-431.688171
4.200000	-878.070984	446.402100	-431.668884
4.205000	-873.690186	442.034088	-431.656097
4.210000	-870.232788	438.578522	-431.654266
4.215000	-868.075195	436.406250	-431.668945
4.220000	-867.301880	435.618896	-431.682983
4.225000	-867.814270	436.111084	-431.703186
4.230000	-869.399414	437.690552	-431.708862
4.235000	-871.864502	440.143219	-431.721283
4.240000	-874.932861	443.204529	-431.728333
4.245000	-878.267883	446.529480	-431.738403
4.250000	-881.480042	449.733459	-431.746582
4.255000	-884.212769	452.463531	-431.749237
4.260000	-886.182129	454.424652	-431.757477
4.265000	-887.143860	455.390503	-431.753357
4.270000	-887.024475	455.283875	-431.740601
4.275000	-886.037415	454.332062	-431.705353
4.280000	-884.784363	453.127838	-431.656525
4.285000	-884.003906	452.369537	-431.634369
4.290000	-884.057739	452.406067	-431.651672
4.295000	-884.755432	453.084991	-431.670441
4.300000	-885.737976	454.063721	-431.674255
4.305000	-886.819763	455.155548	-431.664215
4.310000	-888.033569	456.384674	-431.648895
4.315000	-889.477966	457.847229	-431.630737
4.320000	-891.192993	459.560028	-431.632965
4.325000	-893.032593	461.392212	-431.640381
4.330000	-894.734314	463.086670	-431.647644
4.335000	-896.010498	464.352386	-431.658112
4.340000	-896.621277	464.964874	-431.656403
4.345000	-896.487549	464.837830	-431.649719
4.350000	-895.679382	464.049103	-431.630280
4.355000	-894.444397	462.829987	-431.614410
4.360000	-893.116272	461.523407	-431.592865
4.365000	-892.074280	460.491058	-431.583221
4.370000	-891.567627	459.983307	-431.584320
4.375000	-891.628296	460.025208	-431.603088
4.380000	-892.022278	460.393188	-431.629089
4.385000	-892.359985	460.703949	-431.656036
4.390000	-892.228760	460.549194	-431.679565
4.395000	-891.295105	459.590424	-431.704681
4.400000	-889.309265	457.580048	-431.729218
4.405000	-886.115967	454.366241	-431.749725
4.410000	-881.764099	450.028442	-431.735657
4.415000	-876.868164	445.196106	-431.672058
4.420000	-872.793335	441.187073	-431.606262
4.425000	-870.897400	439.275513	-431.621887
4.430000	-871.180542	439.453186	-431.727356
4.435000	-872.200134	440.379211	-431.820923
4.440000	-872.480103	440.644989	-431.835114
4.445000	-871.477295	439.661804	-431.815491
4.450000	-869.372314	437.604767	-431.767548
4.455000	-866.763062	435.038696	-431.724365
4.460000	-864.321411	432.631470	-431.689941
4.465000	-862.660095	430.988983	-431.671112
4.470000	-862.214050	430.549866	-431.664185
4.475000	-863.196106	431.527252	-431.668854
4.480000	-865.581177	433.901337	-431.679840
4.485000	-869.146423	437.461578	-431.684845
4.490000	-873.578979	441.884552	-431.694427
4.495000	-878.495422	446.805725	-431.689697
4.500000	-883.569702	451.877350	-431.692352
4.505000	-888.497437	456.820099	-431.677338
4.510000	-893.102234	461.443390	-431.658844
4.515000	-897.266479	465.619720	-431.646759
4.520000	-900.853149	469.212982	-431.640167
4.525000	-903.669495	472.027618	-431.641876
4.530000	-905.460693	473.815125	-431.645569
4.535000	-905.992371	474.344299	-431.648071
4.540000	-905.133423	473.486908	-431.646515
4.545000	-902.917114	471.276550	-431.640564
4.550000	-899.551575	467.924500	-431.627075
4.555000	-895.421326	463.806458	-431.614868
4.560000	-891.017090	459.420013	-431.597076
4.565000	-886.886353	455.294952	-431.591400
4.570000	-883.445679	451.842194	-431.603485
4.575000	-880.837524	449.209229	-431.628296
4.580000	-878.957886	447.301056	-431.656830
4.585000	-877.621521	445.956696	-431.664825
4.590000	-876.794434	445.134033	-431.660400
4.595000	-876.578064	444.919556	-431.658508
4.600000	-877.044189	445.385559	-431.658630
4.605000	-878.127869	446.459106	-431.668762
4.610000	-879.596863	447.921204	-431.675659
4.615000	-881.189026	449.508606	-431.680420
4.620000	-882.686768	451.003632	-431.683136
4.625000	-883.941833	452.264252	-431.677582
4.630000	-884.892334	453.213776	-431.678558
4.635000	-885.507629	453.840729	-431.666901
4.640000	-885.887817	454.235992	-431.651825
4.645000	-886.237732	454.603729	-431.634003
4.650000	-886.767517	455.130371	-431.637146
4.655000	-887.434326	455.779999	-431.654327
4.660000	-887.936890	456.264130	-431.672760
4.665000	-887.936584	456.263336	-431.673248
4.670000	-887.321106	455.663330	-431.657776
4.675000	-886.241821	454.598846	-431.642975
4.680000	-884.966980	453.336121	-431.630859
4.685000	-883.748047	452.122894	-431.625153
4.690000	-882.716064	451.078613	-431.637451
4.695000	-881.809143	450.151733	-431.657410
4.700000	-880.828613	449.148346	-431.680267
4.705000	-879.522278	447.823517	-431.698761
4.710000	-877.707092	446.007324	-431.699768
4.715000	-875.423645	443.726868	-431.696777
4.720000	-872.943481	441.269958	-431.673523
4.725000	-870.778687	439.132965	-431.645721
4.730000	-869.476990	437.841095	-431.635895
4.735000	-869.352356	437.706543	-431.645813
4.740000	-870.357361	438.689697	-431.667664
4.745000	-872.144653	440.450867	-431.693787
4.750000	-874.242615	442.533295	-431.709320
4.755000	-876.245239	444.531647	-431.713593
4.760000	-877.891602	446.178986	-431.712616
4.765000	-879.064758	447.365234	-431.699524
4.770000	-879.806885	448.124329	-431.682556
4.775000	-880.266602	448.601624	-431.664978
4.780000	-880.645203	448.994141	-431.651062
4.785000	-881.118713	449.469879	-431.648834
4.790000	-881.741821	450.093781	-431.648041
4.795000	-882.448303	450.794373	-431.653931
4.800000	-883.054321	451.391205	-431.663116
4.805000	-883.338013	451.662598	-431.675415
4.810000	-883.096252	451.414856	-431.681396
4.815000	-882.209961	450.525360	-431.684601
4.820000	-880.651306	448.960327	-431.690979
4.825000	-878.468567	446.776459	-431.692108
4.830000	-875.800903	444.113983	-431.686920
4.835000	-872.864929	441.182007	-431.682922
4.840000	-869.915100	438.239868	-431.675232
4.845000	-867.251038	435.583832	-431.667206
4.850000	-865.184692	433.524231	-431.660461
4.855000	-863.998596	432.339233	-431.659363
4.860000	-863.859802	432.195923	-431.663879
4.865000	-864.754333	433.077423	-431.676910
4.870000	-866.471313	434.776947	-431.694366
4.875000	-868.687866	436.980347	-431.707520
4.880000	-871.091736	439.383148	-431.708588
4.885000	-873.473999	441.773041	-431.700958
4.890000	-875.747131	444.057465	-431.689667
4.895000	-877.924561	446.253662	-431.670898
4.900000	-880.102173	448.450165	-431.652008
4.905000	-882.383606	450.751038	-431.632568
4.910000	-884.837585	453.214050	-431.623535
4.915000	-887.431213	455.807007	-431.624207
4.920000	-890.031494	458.408417	-431.623077
4.925000	-892.461548	460.840576	-431.620972
4.930000	-894.537598	462.913269	-431.624329
4.935000	-896.081604	464.459717	-431.621887
4.940000	-896.978149	465.358887	-431.619263
4.945000	-897.167480	465.549561	-431.617920
4.950000	-896.652344	465.042999	-431.609344
4.955000	-895.542053	463.938019	-431.604034
4.960000	-894.019226	462.433868	-431.585358
4.965000	-892.398499	460.827606	-431.570892
4.970000	-891.029053	459.470581	-431.558472
4.975000	-890.229248	458.677185	-431.552063
4.980000	-890.172607	458.613708	-431.558899
4.985000	-890.804016	459.221954	-431.582062
4.990000	-891.817505	460.208130	-431.609375
4.995000	-892.749207	461.113739	-431.635468
