0.000000	-2.628967	6.003967	3.375000
0.001000	-2.633014	6.008016	3.375002
0.002000	-2.637144	6.012146	3.375002
0.003000	-2.641355	6.016357	3.375002
0.004000	-2.645648	6.020651	3.375002
0.005000	-2.650023	6.025026	3.375003
0.006000	-2.654478	6.029482	3.375004
0.007000	-2.659016	6.034019	3.375003
0.008000	-2.663635	6.038638	3.375003
0.009000	-2.668334	6.043338	3.375004
0.010000	-2.673115	6.048119	3.375004
0.011000	-2.677978	6.052981	3.375004
0.012000	-2.682921	6.057925	3.375004
0.013000	-2.687945	6.062949	3.375003
0.014000	-2.693050	6.068054	3.375003
0.015000	-2.698236	6.073239	3.375003
0.016000	-2.703503	6.078506	3.375003
0.017000	-2.708849	6.083852	3.375002
0.018000	-2.714276	6.089279	3.375003
0.019000	-2.719784	6.094787	3.375003
0.020000	-2.725371	6.100374	3.375002
0.021000	-2.731039	6.106041	3.375002
0.022000	-2.736786	6.111789	3.375002
0.023000	-2.742614	6.117616	3.375002
0.024000	-2.748521	6.123522	3.375002
0.025000	-2.754507	6.129509	3.375002
0.026000	-2.760573	6.135574	3.375001
0.027000	-2.766718	6.141719	3.375001
0.028000	-2.772942	6.147943	3.375001
0.029000	-2.779244	6.154245	3.375002
0.030000	-2.785624	6.160626	3.375002
0.031000	-2.792083	6.167085	3.375002
0.032000	-2.798620	6.173622	3.375002
0.033000	-2.805234	6.180236	3.375002
0.034000	-2.811926	6.186928	3.375003
0.035000	-2.818695	6.193698	3.375003
0.036000	-2.825541	6.200545	3.375003
0.037000	-2.832464	6.207467	3.375003
0.038000	-2.839463	6.214466	3.375003
0.039000	-2.846539	6.221541	3.375003
0.040000	-2.853690	6.228692	3.375002
0.041000	-2.860915	6.235917	3.375002
0.042000	-2.868216	6.243217	3.375002
0.043000	-2.875590	6.250592	3.375002
0.044000	-2.883039	6.258040	3.375001
0.045000	-2.890561	6.265562	3.375001
0.046000	-2.898156	6.273157	3.375001
0.047000	-2.905823	6.280823	3.375000
0.048000	-2.913560	6.288560	3.375000
0.049000	-2.921369	6.296370	3.375001
0.050000	-2.929249	6.304249	3.375000
0.051000	-2.937198	6.312199	3.375000
0.052000	-2.945216	6.320216	3.375000
0.053000	-2.953303	6.328303	3.375000
0.054000	-2.961456	6.336456	3.375000
0.055000	-2.969677	6.344676	3.374999
0.056000	-2.977962	6.352962	3.375000
0.057000	-2.986312	6.361312	3.375000
0.058000	-2.994727	6.369726	3.374999
0.059000	-3.003203	6.378203	3.375000
0.060000	-3.011742	6.386741	3.374999
0.061000	-3.020340	6.395340	3.375000
0.062000	-3.028999	6.403998	3.374999
0.063000	-3.037715	6.412714	3.374999
0.064000	-3.046489	6.421487	3.374999
0.065000	-3.055317	6.430316	3.374999
0.066000	-3.064199	6.439198	3.374998
0.067000	-3.073134	6.448132	3.374998
0.068000	-3.082119	6.457117	3.374997
0.069000	-3.091155	6.466152	3.374997
0.070000	-3.100236	6.475233	3.374996
0.071000	-3.109363	6.484360	3.374997
0.072000	-3.118535	6.493530	3.374995
0.073000	-3.127746	6.502742	3.374996
0.074000	-3.136997	6.511993	3.374996
0.075000	-3.146286	6.521282	3.374995
0.076000	-3.155610	6.530605	3.374995
0.077000	-3.164966	6.539960	3.374995
0.078000	-3.174351	6.549346	3.374995
0.079000	-3.183765	6.558758	3.374993
0.080000	-3.193202	6.568196	3.374995
0.081000	-3.202661	6.577655	3.374994
0.082000	-3.212137	6.587132	3.374995
0.083000	-3.221631	6.596624	3.374994
0.084000	-3.231135	6.606129	3.374994
0.085000	-3.240648	6.615642	3.374994
0.086000	-3.250166	6.625159	3.374992
0.087000	-3.259685	6.634678	3.374993
0.088000	-3.269200	6.644194	3.374994
0.089000	-3.278710	6.653702	3.374992
0.090000	-3.288208	6.663200	3.374992
0.091000	-3.297691	6.672682	3.374992
0.092000	-3.307153	6.682143	3.374991
0.093000	-3.316590	6.691579	3.374990
0.094000	-3.325996	6.700985	3.374989
0.095000	-3.335366	6.710356	3.374989
0.096000	-3.344696	6.719685	3.374989
0.097000	-3.353978	6.728967	3.374989
0.098000	-3.363209	6.738196	3.374987
0.099000	-3.372380	6.747366	3.374987
0.100000	-3.381485	6.756471	3.374985
0.101000	-3.390519	6.765504	3.374985
0.102000	-3.399474	6.774458	3.374984
0.103000	-3.408343	6.783326	3.374983
0.104000	-3.417118	6.792099	3.374982
0.105000	-3.425791	6.800772	3.374981
0.106000	-3.434355	6.809335	3.374981
0.107000	-3.442801	6.817781	3.374980
0.108000	-3.451120	6.826100	3.374979
0.109000	-3.459305	6.834284	3.374979
0.110000	-3.467345	6.842323	3.374978
0.111000	-3.475231	6.850207	3.374976
0.112000	-3.482952	6.857928	3.374976
0.113000	-3.490500	6.865474	3.374974
0.114000	-3.497862	6.872837	3.374974
0.115000	-3.505029	6.880002	3.374973
0.116000	-3.511990	6.886962	3.374972
0.117000	-3.518732	6.893703	3.374971
0.118000	-3.525244	6.900215	3.374970
0.119000	-3.531514	6.906483	3.374969
0.120000	-3.537529	6.912497	3.374968
0.121000	-3.543276	6.918243	3.374967
0.122000	-3.548742	6.923708	3.374966
0.123000	-3.553914	6.928879	3.374965
0.124000	-3.558778	6.933742	3.374964
0.125000	-3.563319	6.938282	3.374963
0.126000	-3.567524	6.942486	3.374962
0.127000	-3.571378	6.946338	3.374960
0.128000	-3.574866	6.949825	3.374959
0.129000	-3.577972	6.952930	3.374959
0.130000	-3.580681	6.955638	3.374957
0.131000	-3.582979	6.957934	3.374956
0.132000	-3.584848	6.959803	3.374955
0.133000	-3.586274	6.961227	3.374954
0.134000	-3.587240	6.962193	3.374952
0.135000	-3.587731	6.962682	3.374951
0.136000	-3.587729	6.962680	3.374951
0.137000	-3.587222	6.962171	3.374949
0.138000	-3.586190	6.961138	3.374948
0.139000	-3.584619	6.959566	3.374947
0.140000	-3.582494	6.957440	3.374946
0.141000	-3.579799	6.954744	3.374945
0.142000	-3.576520	6.951463	3.374943
0.143000	-3.572642	6.947584	3.374942
0.144000	-3.568151	6.943091	3.374941
0.145000	-3.563034	6.937973	3.374939
0.146000	-3.557278	6.932217	3.374939
0.147000	-3.550872	6.925809	3.374938
0.148000	-3.543805	6.918740	3.374936
0.149000	-3.536066	6.911001	3.374935
0.150000	-3.527648	6.902581	3.374933
0.151000	-3.518542	6.893475	3.374932
0.152000	-3.508743	6.883674	3.374931
0.153000	-3.498246	6.873176	3.374930
0.154000	-3.487048	6.861978	3.374929
0.155000	-3.475148	6.850077	3.374928
0.156000	-3.462547	6.837474	3.374928
0.157000	-3.449248	6.824175	3.374927
0.158000	-3.435255	6.810182	3.374928
0.159000	-3.420577	6.795504	3.374927
0.160000	-3.405222	6.780149	3.374927
0.161000	-3.389204	6.764133	3.374929
0.162000	-3.372539	6.747469	3.374930
0.163000	-3.355246	6.730176	3.374930
0.164000	-3.337343	6.712275	3.374932
0.165000	-3.318857	6.693790	3.374933
0.166000	-3.299815	6.674749	3.374934
0.167000	-3.280249	6.655184	3.374936
0.168000	-3.260191	6.635129	3.374938
0.169000	-3.239683	6.614622	3.374939
0.170000	-3.218761	6.593702	3.374941
0.171000	-3.197473	6.572416	3.374943
0.172000	-3.175865	6.550812	3.374947
0.173000	-3.153990	6.528941	3.374951
0.174000	-3.131903	6.506858	3.374955
0.175000	-3.109663	6.484622	3.374959
0.176000	-3.087331	6.462294	3.374963
0.177000	-3.064972	6.439938	3.374966
0.178000	-3.042650	6.417621	3.374972
0.179000	-3.020437	6.395412	3.374975
0.180000	-2.998404	6.373384	3.374980
0.181000	-2.976624	6.351611	3.374987
0.182000	-2.955173	6.330166	3.374993
0.183000	-2.934130	6.309128	3.374998
0.184000	-2.913572	6.288573	3.375001
0.185000	-2.893575	6.268579	3.375004
0.186000	-2.874214	6.249226	3.375012
0.187000	-2.855572	6.230589	3.375017
0.188000	-2.837722	6.212745	3.375023
0.189000	-2.820743	6.195769	3.375026
0.190000	-2.804703	6.179733	3.375030
0.191000	-2.789673	6.164710	3.375036
0.192000	-2.775724	6.150764	3.375040
0.193000	-2.762917	6.137961	3.375044
0.194000	-2.751316	6.126359	3.375043
0.195000	-2.740968	6.116015	3.375047
0.196000	-2.731931	6.106978	3.375047
0.197000	-2.724241	6.099293	3.375052
0.198000	-2.717946	6.092999	3.375053
0.199000	-2.713076	6.088129	3.375053
0.200000	-2.709653	6.084710	3.375057
0.201000	-2.707704	6.082762	3.375057
0.202000	-2.707241	6.082296	3.375056
0.203000	-2.708265	6.083322	3.375057
0.204000	-2.710779	6.085835	3.375056
0.205000	-2.714774	6.089829	3.375056
0.206000	-2.720234	6.095291	3.375056
0.207000	-2.727141	6.102195	3.375054
0.208000	-2.735465	6.110516	3.375051
0.209000	-2.745167	6.120219	3.375052
0.210000	-2.756214	6.131260	3.375046
0.211000	-2.768554	6.143595	3.375041
0.212000	-2.782130	6.157171	3.375041
0.213000	-2.796894	6.171929	3.375035
0.214000	-2.812777	6.187808	3.375031
0.215000	-2.829713	6.204741	3.375027
0.216000	-2.847634	6.222658	3.375024
0.217000	-2.866467	6.241485	3.375018
0.218000	-2.886134	6.261147	3.375013
0.219000	-2.906558	6.281566	3.375008
0.220000	-2.927659	6.302661	3.375002
0.221000	-2.949356	6.324351	3.374996
0.222000	-2.971566	6.346557	3.374990
0.223000	-2.994208	6.369195	3.374987
0.224000	-3.017203	6.392184	3.374981
0.225000	-3.040469	6.415444	3.374975
0.226000	-3.063925	6.438895	3.374970
0.227000	-3.087493	6.462460	3.374966
0.228000	-3.111098	6.486062	3.374963
0.229000	-3.134666	6.509627	3.374961
0.230000	-3.158130	6.533086	3.374956
0.231000	-3.181417	6.556368	3.374951
0.232000	-3.204464	6.579409	3.374945
0.233000	-3.227205	6.602147	3.374942
0.234000	-3.249585	6.624523	3.374938
0.235000	-3.271545	6.646480	3.374934
0.236000	-3.293036	6.667967	3.374931
0.237000	-3.314009	6.688937	3.374928
0.238000	-3.334417	6.709343	3.374926
0.239000	-3.354220	6.729145	3.374925
0.240000	-3.373381	6.748304	3.374923
0.241000	-3.391867	6.766788	3.374922
0.242000	-3.409646	6.784566	3.374920
0.243000	-3.426692	6.801611	3.374919
0.244000	-3.442978	6.817898	3.374920
0.245000	-3.458488	6.833407	3.374919
0.246000	-3.473204	6.848123	3.374918
0.247000	-3.487112	6.862029	3.374918
0.248000	-3.500197	6.875115	3.374918
0.249000	-3.512455	6.887372	3.374917
0.250000	-3.523878	6.898796	3.374918
0.251000	-3.534462	6.909381	3.374919
0.252000	-3.544209	6.919128	3.374919
0.253000	-3.553119	6.928038	3.374919
0.254000	-3.561195	6.936114	3.374920
0.255000	-3.568442	6.943363	3.374921
0.256000	-3.574869	6.949790	3.374921
0.257000	-3.580485	6.955408	3.374923
0.258000	-3.585299	6.960224	3.374925
0.259000	-3.589324	6.964251	3.374927
0.260000	-3.592577	6.967504	3.374927
0.261000	-3.595069	6.969998	3.374929
0.262000	-3.596819	6.971749	3.374930
0.263000	-3.597843	6.972774	3.374931
0.264000	-3.598159	6.973091	3.374932
0.265000	-3.597785	6.972719	3.374935
0.266000	-3.596743	6.971679	3.374936
0.267000	-3.595054	6.969991	3.374937
0.268000	-3.592737	6.967676	3.374939
0.269000	-3.589817	6.964757	3.374940
0.270000	-3.586313	6.961256	3.374943
0.271000	-3.582250	6.957195	3.374945
0.272000	-3.577652	6.952599	3.374947
0.273000	-3.572542	6.947490	3.374949
0.274000	-3.566943	6.941893	3.374950
0.275000	-3.560879	6.935831	3.374952
0.276000	-3.554375	6.929330	3.374954
0.277000	-3.547456	6.922412	3.374956
0.278000	-3.540145	6.915103	3.374958
0.279000	-3.532467	6.907428	3.374961
0.280000	-3.524447	6.899409	3.374962
0.281000	-3.516108	6.891072	3.374964
0.282000	-3.507477	6.882442	3.374965
0.283000	-3.498574	6.873541	3.374967
0.284000	-3.489426	6.864394	3.374969
0.285000	-3.480055	6.855025	3.374970
0.286000	-3.470485	6.845457	3.374972
0.287000	-3.460739	6.835712	3.374973
0.288000	-3.450840	6.825815	3.374975
0.289000	-3.440810	6.815787	3.374977
0.290000	-3.430671	6.805650	3.374978
0.291000	-3.420446	6.795425	3.374979
0.292000	-3.410154	6.785135	3.374981
0.293000	-3.399816	6.774798	3.374983
0.294000	-3.389452	6.764436	3.374984
0.295000	-3.379081	6.754066	3.374985
0.296000	-3.368724	6.743711	3.374987
0.297000	-3.358396	6.733384	3.374988
0.298000	-3.348117	6.723106	3.374989
0.299000	-3.337902	6.712893	3.374990
0.300000	-3.327767	6.702760	3.374992
0.301000	-3.317731	6.692723	3.374992
0.302000	-3.307804	6.682797	3.374993
0.303000	-3.298002	6.672997	3.374995
0.304000	-3.288337	6.663333	3.374996
0.305000	-3.278823	6.653820	3.374997
0.306000	-3.269470	6.644468	3.374998
0.307000	-3.260288	6.635287	3.374999
0.308000	-3.251288	6.626288	3.375000
0.309000	-3.242479	6.617479	3.375000
0.310000	-3.233866	6.608868	3.375002
0.311000	-3.225459	6.600463	3.375004
0.312000	-3.217264	6.592268	3.375005
0.313000	-3.209285	6.584291	3.375006
0.314000	-3.201527	6.576535	3.375008
0.315000	-3.193994	6.569003	3.375009
0.316000	-3.186690	6.561698	3.375009
0.317000	-3.179615	6.554624	3.375009
0.318000	-3.172771	6.547780	3.375009
0.319000	-3.166157	6.541166	3.375010
0.320000	-3.159772	6.534783	3.375010
0.321000	-3.153620	6.528629	3.375009
0.322000	-3.147693	6.522703	3.375010
0.323000	-3.141992	6.517002	3.375010
0.324000	-3.136513	6.511520	3.375008
0.325000	-3.131249	6.506258	3.375008
0.326000	-3.126200	6.501206	3.375006
0.327000	-3.121356	6.496364	3.375008
0.328000	-3.116716	6.491723	3.375007
0.329000	-3.112271	6.487278	3.375007
0.330000	-3.108014	6.483021	3.375007
0.331000	-3.103940	6.478947	3.375007
0.332000	-3.100040	6.475046	3.375006
0.333000	-3.096307	6.471312	3.375005
0.334000	-3.092731	6.467736	3.375005
0.335000	-3.089305	6.464309	3.375004
0.336000	-3.086019	6.461023	3.375004
0.337000	-3.082865	6.457869	3.375004
0.338000	-3.079833	6.454837	3.375004
0.339000	-3.076915	6.451918	3.375003
0.340000	-3.074101	6.449103	3.375002
0.341000	-3.071380	6.446384	3.375004
0.342000	-3.068745	6.443748	3.375003
0.343000	-3.066186	6.441188	3.375002
0.344000	-3.063692	6.438693	3.375001
0.345000	-3.061255	6.436255	3.375000
0.346000	-3.058863	6.433863	3.375000
0.347000	-3.056510	6.431510	3.375000
0.348000	-3.054186	6.429184	3.374999
0.349000	-3.051879	6.426878	3.374999
0.350000	-3.049584	6.424583	3.374999
0.351000	-3.047292	6.422290	3.374998
0.352000	-3.044992	6.419990	3.374998
0.353000	-3.042679	6.417675	3.374996
0.354000	-3.040343	6.415339	3.374996
0.355000	-3.037976	6.412971	3.374995
0.356000	-3.035572	6.410567	3.374995
0.357000	-3.033124	6.408118	3.374994
0.358000	-3.030622	6.405618	3.374995
0.359000	-3.028065	6.403059	3.374994
0.360000	-3.025442	6.400435	3.374993
0.361000	-3.022750	6.397743	3.374992
0.362000	-3.019982	6.394974	3.374992
0.363000	-3.017132	6.392124	3.374992
0.364000	-3.014196	6.389188	3.374992
0.365000	-3.011171	6.386162	3.374992
0.366000	-3.008049	6.383041	3.374992
0.367000	-3.004829	6.379821	3.374992
0.368000	-3.001507	6.376498	3.374991
0.369000	-2.998078	6.373070	3.374991
0.370000	-2.994541	6.369532	3.374991
0.371000	-2.990891	6.365882	3.374991
0.372000	-2.987127	6.362117	3.374990
0.373000	-2.983245	6.358236	3.374991
0.374000	-2.979246	6.354236	3.374990
0.375000	-2.975126	6.350117	3.374991
0.376000	-2.970884	6.345875	3.374991
0.377000	-2.966519	6.341509	3.374990
0.378000	-2.962029	6.337020	3.374990
0.379000	-2.957416	6.332406	3.374990
0.380000	-2.952677	6.327667	3.374990
0.381000	-2.947812	6.322803	3.374990
0.382000	-2.942822	6.317812	3.374990
0.383000	-2.937706	6.312697	3.374991
0.384000	-2.932466	6.307456	3.374990
0.385000	-2.927100	6.302090	3.374990
0.386000	-2.921611	6.296601	3.374990
0.387000	-2.915998	6.290988	3.374990
0.388000	-2.910263	6.285254	3.374990
0.389000	-2.904408	6.279397	3.374990
0.390000	-2.898431	6.273422	3.374990
0.391000	-2.892337	6.267327	3.374990
0.392000	-2.886125	6.261116	3.374990
0.393000	-2.879799	6.254789	3.374990
0.394000	-2.873358	6.248349	3.374991
0.395000	-2.866806	6.241796	3.374991
0.396000	-2.860142	6.235133	3.374991
0.397000	-2.853371	6.228363	3.374991
0.398000	-2.846494	6.221485	3.374991
0.399000	-2.839512	6.214504	3.374992
0.400000	-2.832429	6.207420	3.374992
0.401000	-2.825245	6.200237	3.374992
0.402000	-2.817964	6.192956	3.374992
0.403000	-2.810588	6.185580	3.374992
0.404000	-2.803119	6.178111	3.374992
0.405000	-2.795558	6.170551	3.374993
0.406000	-2.787910	6.162902	3.374993
0.407000	-2.780174	6.155168	3.374993
0.408000	-2.772356	6.147349	3.374993
0.409000	-2.764456	6.139450	3.374994
0.410000	-2.756477	6.131471	3.374994
0.411000	-2.748422	6.123415	3.374994
0.412000	-2.740292	6.115286	3.374994
0.413000	-2.732091	6.107085	3.374994
0.414000	-2.723819	6.098814	3.374995
0.415000	-2.715481	6.090477	3.374996
0.416000	-2.707080	6.082075	3.374995
0.417000	-2.698615	6.073610	3.374995
0.418000	-2.690089	6.065085	3.374995
0.419000	-2.681507	6.056502	3.374995
0.420000	-2.672869	6.047865	3.374995
0.421000	-2.664178	6.039173	3.374995
0.422000	-2.655436	6.030431	3.374996
0.423000	-2.646645	6.021640	3.374995
0.424000	-2.637807	6.012802	3.374995
0.425000	-2.628925	6.003921	3.374996
0.426000	-2.620000	5.994996	3.374996
0.427000	-2.611035	5.986031	3.374996
0.428000	-2.602032	5.977027	3.374996
0.429000	-2.592992	5.967988	3.374996
0.430000	-2.583918	5.958914	3.374996
0.431000	-2.574812	5.949808	3.374996
0.432000	-2.565675	5.940670	3.374995
0.433000	-2.556509	5.931506	3.374996
0.434000	-2.547318	5.922314	3.374997
0.435000	-2.538100	5.913096	3.374996
0.436000	-2.528860	5.903857	3.374997
0.437000	-2.519598	5.894595	3.374997
0.438000	-2.510316	5.885313	3.374997
0.439000	-2.501016	5.876013	3.374997
0.440000	-2.491699	5.866697	3.374997
0.441000	-2.482368	5.857365	3.374998
0.442000	-2.473022	5.848021	3.374998
0.443000	-2.463665	5.838664	3.374998
0.444000	-2.454298	5.829296	3.374998
0.445000	-2.444921	5.819919	3.374998
0.446000	-2.435536	5.810535	3.374999
0.447000	-2.426146	5.801145	3.374999
0.448000	-2.416750	5.791749	3.374999
0.449000	-2.407351	5.782350	3.374999
0.450000	-2.397949	5.772948	3.374999
0.451000	-2.388546	5.763545	3.374998
0.452000	-2.379143	5.754141	3.374998
0.453000	-2.369741	5.744739	3.374998
0.454000	-2.360341	5.735339	3.374998
0.455000	-2.350944	5.725943	3.374999
0.456000	-2.341552	5.716550	3.374998
0.457000	-2.332165	5.707164	3.374999
0.458000	-2.322785	5.697783	3.374999
0.459000	-2.313412	5.688410	3.374999
0.460000	-2.304047	5.679045	3.374998
0.461000	-2.294691	5.669690	3.374999
0.462000	-2.285345	5.660344	3.374999
0.463000	-2.276011	5.651010	3.374999
0.464000	-2.266688	5.641687	3.374999
0.465000	-2.257378	5.632376	3.374999
0.466000	-2.248081	5.623079	3.374999
0.467000	-2.238798	5.613797	3.374998
0.468000	-2.229531	5.604529	3.374998
0.469000	-2.220279	5.595276	3.374998
0.470000	-2.211042	5.586040	3.374999
0.471000	-2.201823	5.576822	3.374999
0.472000	-2.192621	5.567620	3.374999
0.473000	-2.183438	5.558437	3.374999
0.474000	-2.174274	5.549273	3.374999
0.475000	-2.165129	5.540127	3.374999
0.476000	-2.156004	5.531002	3.374998
0.477000	-2.146899	5.521897	3.374998
0.478000	-2.137815	5.512814	3.374998
0.479000	-2.128753	5.503751	3.374998
0.480000	-2.119713	5.494710	3.374998
0.481000	-2.110695	5.485693	3.374998
0.482000	-2.101700	5.476697	3.374997
0.483000	-2.092728	5.467725	3.374998
0.484000	-2.083779	5.458777	3.374999
0.485000	-2.074855	5.449854	3.374999
0.486000	-2.065956	5.440954	3.374998
0.487000	-2.057081	5.432079	3.374998
0.488000	-2.048231	5.423230	3.374998
0.489000	-2.039408	5.414406	3.374998
0.490000	-2.030610	5.405608	3.374998
0.491000	-2.021838	5.396836	3.374998
0.492000	-2.013093	5.388091	3.374998
0.493000	-2.004375	5.379372	3.374997
0.494000	-1.995683	5.370680	3.374997
0.495000	-1.987018	5.362016	3.374998
0.496000	-1.978382	5.353379	3.374997
0.497000	-1.969773	5.344770	3.374998
0.498000	-1.961191	5.336189	3.374998
0.499000	-1.952639	5.327637	3.374998
0.500000	-1.944114	5.319112	3.374998
0.501000	-1.935618	5.310617	3.374999
0.502000	-1.927151	5.302149	3.374998
0.503000	-1.918713	5.293712	3.374998
0.504000	-1.910305	5.285303	3.374998
0.505000	-1.901925	5.276923	3.374998
0.506000	-1.893575	5.268573	3.374998
0.507000	-1.885255	5.260252	3.374998
0.508000	-1.876964	5.251962	3.374999
0.509000	-1.868703	5.243701	3.374998
0.510000	-1.860473	5.235470	3.374998
0.511000	-1.852272	5.227269	3.374998
0.512000	-1.844101	5.219099	3.374998
0.513000	-1.835961	5.210958	3.374997
0.514000	-1.827851	5.202848	3.374997
0.515000	-1.819772	5.194768	3.374996
0.516000	-1.811723	5.186719	3.374996
0.517000	-1.803705	5.178701	3.374996
0.518000	-1.795717	5.170713	3.374997
0.519000	-1.787760	5.162756	3.374997
0.520000	-1.779834	5.154830	3.374996
0.521000	-1.771938	5.146934	3.374996
0.522000	-1.764073	5.139069	3.374996
0.523000	-1.756239	5.131235	3.374996
0.524000	-1.748436	5.123432	3.374996
0.525000	-1.740664	5.115661	3.374997
0.526000	-1.732923	5.107919	3.374997
0.527000	-1.725213	5.100209	3.374997
0.528000	-1.717533	5.092530	3.374997
0.529000	-1.709885	5.084882	3.374997
0.530000	-1.702268	5.077265	3.374997
0.531000	-1.694682	5.069679	3.374997
0.532000	-1.687128	5.062124	3.374996
0.533000	-1.679604	5.054600	3.374996
0.534000	-1.672111	5.047108	3.374997
0.535000	-1.664649	5.039646	3.374997
0.536000	-1.657218	5.032215	3.374996
0.537000	-1.649818	5.024815	3.374997
0.538000	-1.642449	5.017445	3.374996
0.539000	-1.635111	5.010107	3.374995
0.540000	-1.627804	5.002800	3.374995
0.541000	-1.620528	4.995523	3.374995
0.542000	-1.613282	4.988277	3.374995
0.543000	-1.606067	4.981062	3.374995
0.544000	-1.598883	4.973878	3.374995
0.545000	-1.591730	4.966724	3.374994
0.546000	-1.584606	4.959601	3.374995
0.547000	-1.577514	4.952509	3.374995
0.548000	-1.570452	4.945447	3.374995
0.549000	-1.563421	4.938416	3.374995
0.550000	-1.556420	4.931416	3.374995
0.551000	-1.549450	4.924445	3.374995
0.552000	-1.542510	4.917505	3.374995
0.553000	-1.535600	4.910595	3.374995
0.554000	-1.528721	4.903716	3.374995
0.555000	-1.521872	4.896866	3.374995
0.556000	-1.515053	4.890047	3.374995
0.557000	-1.508264	4.883258	3.374995
0.558000	-1.501504	4.876499	3.374995
0.559000	-1.494775	4.869770	3.374994
0.560000	-1.488076	4.863070	3.374994
0.561000	-1.481407	4.856400	3.374994
0.562000	-1.474767	4.849761	3.374994
0.563000	-1.468157	4.843151	3.374994
0.564000	-1.461576	4.836570	3.374994
0.565000	-1.455025	4.830019	3.374994
0.566000	-1.448503	4.823497	3.374994
0.567000	-1.442011	4.817005	3.374995
0.568000	-1.435548	4.810542	3.374995
0.569000	-1.429114	4.804108	3.374995
0.570000	-1.422709	4.797704	3.374995
0.571000	-1.416333	4.791328	3.374995
0.572000	-1.409986	4.784981	3.374995
0.573000	-1.403669	4.778663	3.374995
0.574000	-1.397380	4.772374	3.374994
0.575000	-1.391119	4.766114	3.374994
0.576000	-1.384888	4.759882	3.374995
0.577000	-1.378685	4.753679	3.374995
0.578000	-1.372510	4.747505	3.374995
0.579000	-1.366364	4.741358	3.374995
0.580000	-1.360246	4.735240	3.374994
0.581000	-1.354157	4.729151	3.374994
0.582000	-1.348095	4.723089	3.374994
0.583000	-1.342062	4.717056	3.374995
0.584000	-1.336056	4.711051	3.374995
0.585000	-1.330078	4.705073	3.374995
0.586000	-1.324129	4.699123	3.374994
0.587000	-1.318206	4.693201	3.374994
0.588000	-1.312312	4.687306	3.374994
0.589000	-1.306445	4.681439	3.374994
0.590000	-1.300605	4.675600	3.374994
0.591000	-1.294793	4.669787	3.374994
0.592000	-1.289008	4.664002	3.374994
0.593000	-1.283250	4.658245	3.374995
0.594000	-1.277519	4.652514	3.374995
0.595000	-1.271816	4.646810	3.374994
0.596000	-1.266139	4.641133	3.374995
0.597000	-1.260488	4.635484	3.374995
0.598000	-1.254865	4.629860	3.374995
0.599000	-1.249269	4.624264	3.374995
0.600000	-1.243698	4.618693	3.374995
0.601000	-1.238155	4.613150	3.374995
0.602000	-1.232638	4.607632	3.374995
0.603000	-1.227147	4.602141	3.374995
0.604000	-1.221682	4.596676	3.374995
0.605000	-1.216243	4.591238	3.374995
0.606000	-1.210830	4.585825	3.374995
0.607000	-1.205443	4.580438	3.374994
0.608000	-1.200082	4.575077	3.374995
0.609000	-1.194747	4.569742	3.374995
0.610000	-1.189438	4.564432	3.374994
0.611000	-1.184153	4.559148	3.374994
0.612000	-1.178895	4.553889	3.374994
0.613000	-1.173662	4.548656	3.374994
0.614000	-1.168454	4.543448	3.374994
0.615000	-1.163271	4.538265	3.374994
0.616000	-1.158113	4.533107	3.374994
0.617000	-1.152981	4.527975	3.374994
0.618000	-1.147873	4.522867	3.374993
0.619000	-1.142790	4.517784	3.374993
0.620000	-1.137732	4.512725	3.374993
0.621000	-1.132698	4.507691	3.374993
0.622000	-1.127689	4.502682	3.374993
0.623000	-1.122704	4.497698	3.374994
0.624000	-1.117744	4.492737	3.374993
0.625000	-1.112808	4.487801	3.374994
0.626000	-1.107896	4.482890	3.374994
0.627000	-1.103008	4.478002	3.374994
0.628000	-1.098144	4.473138	3.374994
0.629000	-1.093304	4.468298	3.374994
0.630000	-1.088488	4.463482	3.374995
0.631000	-1.083696	4.458690	3.374994
0.632000	-1.078927	4.453921	3.374994
0.633000	-1.074182	4.449176	3.374994
0.634000	-1.069460	4.444455	3.374995
0.635000	-1.064762	4.439757	3.374995
0.636000	-1.060087	4.435082	3.374995
0.637000	-1.055435	4.430430	3.374995
0.638000	-1.050807	4.425802	3.374995
0.639000	-1.046201	4.421196	3.374995
0.640000	-1.041619	4.416614	3.374995
0.641000	-1.037059	4.412054	3.374995
0.642000	-1.032522	4.407517	3.374995
0.643000	-1.028008	4.403003	3.374995
0.644000	-1.023516	4.398511	3.374995
0.645000	-1.019047	4.394042	3.374995
0.646000	-1.014600	4.389595	3.374994
0.647000	-1.010176	4.385170	3.374995
0.648000	-1.005773	4.380768	3.374995
0.649000	-1.001394	4.376388	3.374994
0.650000	-0.997036	4.372030	3.374995
0.651000	-0.992700	4.367694	3.374994
0.652000	-0.988386	4.363380	3.374994
0.653000	-0.984094	4.359087	3.374994
0.654000	-0.979823	4.354817	3.374994
0.655000	-0.975574	4.350568	3.374993
0.656000	-0.971347	4.346340	3.374993
0.657000	-0.967141	4.342134	3.374993
0.658000	-0.962957	4.337950	3.374994
0.659000	-0.958793	4.333786	3.374993
0.660000	-0.954651	4.329645	3.374993
0.661000	-0.950531	4.325524	3.374994
0.662000	-0.946431	4.321424	3.374993
0.663000	-0.942353	4.317346	3.374993
0.664000	-0.938295	4.313288	3.374993
0.665000	-0.934258	4.309251	3.374993
0.666000	-0.930241	4.305235	3.374994
0.667000	-0.926245	4.301239	3.374994
0.668000	-0.922270	4.297264	3.374994
0.669000	-0.918316	4.293309	3.374994
0.670000	-0.914381	4.289375	3.374994
0.671000	-0.910467	4.285461	3.374994
0.672000	-0.906573	4.281567	3.374994
0.673000	-0.902700	4.277694	3.374994
0.674000	-0.898847	4.273840	3.374993
0.675000	-0.895013	4.270007	3.374994
0.676000	-0.891199	4.266193	3.374994
0.677000	-0.887406	4.262400	3.374993
0.678000	-0.883632	4.258626	3.374994
0.679000	-0.879878	4.254872	3.374994
0.680000	-0.876143	4.251137	3.374994
0.681000	-0.872428	4.247422	3.374994
0.682000	-0.868732	4.243727	3.374994
0.683000	-0.865056	4.240050	3.374994
0.684000	-0.861399	4.236393	3.374994
0.685000	-0.857761	4.232756	3.374994
0.686000	-0.854143	4.229137	3.374994
0.687000	-0.850543	4.225537	3.374994
0.688000	-0.846963	4.221956	3.374993
0.689000	-0.843401	4.218394	3.374993
0.690000	-0.839858	4.214851	3.374993
0.691000	-0.836334	4.211327	3.374993
0.692000	-0.832829	4.207822	3.374993
0.693000	-0.829342	4.204335	3.374993
0.694000	-0.825874	4.200867	3.374993
0.695000	-0.822424	4.197417	3.374993
0.696000	-0.818992	4.193985	3.374993
0.697000	-0.815579	4.190572	3.374993
0.698000	-0.812184	4.187177	3.374993
0.699000	-0.808808	4.183800	3.374992
0.700000	-0.805449	4.180441	3.374992
0.701000	-0.802108	4.177101	3.374992
0.702000	-0.798786	4.173778	3.374992
0.703000	-0.795481	4.170473	3.374992
0.704000	-0.792193	4.167186	3.374992
0.705000	-0.788924	4.163917	3.374992
0.706000	-0.785672	4.160665	3.374992
0.707000	-0.782438	4.157431	3.374993
0.708000	-0.779221	4.154214	3.374992
0.709000	-0.776022	4.151015	3.374993
0.710000	-0.772840	4.147832	3.374992
0.711000	-0.769675	4.144668	3.374992
0.712000	-0.766528	4.141521	3.374992
0.713000	-0.763398	4.138390	3.374992
0.714000	-0.760285	4.135277	3.374992
0.715000	-0.757188	4.132181	3.374992
0.716000	-0.754109	4.129101	3.374992
0.717000	-0.751047	4.126039	3.374992
0.718000	-0.748001	4.122993	3.374992
0.719000	-0.744972	4.119964	3.374992
0.720000	-0.741960	4.116952	3.374992
0.721000	-0.738964	4.113956	3.374992
0.722000	-0.735985	4.110977	3.374992
0.723000	-0.733023	4.108015	3.374992
0.724000	-0.730076	4.105068	3.374992
0.725000	-0.727146	4.102139	3.374992
0.726000	-0.724233	4.099224	3.374991
0.727000	-0.721335	4.096327	3.374992
0.728000	-0.718454	4.093445	3.374992
0.729000	-0.715588	4.090580	3.374992
0.730000	-0.712739	4.087731	3.374992
0.731000	-0.709905	4.084898	3.374992
0.732000	-0.707087	4.082080	3.374992
0.733000	-0.704286	4.079278	3.374992
0.734000	-0.701499	4.076492	3.374992
0.735000	-0.698729	4.073721	3.374992
0.736000	-0.695974	4.070967	3.374992
0.737000	-0.693235	4.068227	3.374992
0.738000	-0.690511	4.065504	3.374992
0.739000	-0.687803	4.062795	3.374993
0.740000	-0.685110	4.060102	3.374992
0.741000	-0.682432	4.057424	3.374992
0.742000	-0.679769	4.054761	3.374992
0.743000	-0.677122	4.052114	3.374992
0.744000	-0.674489	4.049481	3.374992
0.745000	-0.671872	4.046864	3.374992
0.746000	-0.669269	4.044262	3.374993
0.747000	-0.666682	4.041675	3.374992
0.748000	-0.664110	4.039102	3.374992
0.749000	-0.661552	4.036544	3.374992
0.750000	-0.659008	4.034001	3.374992
0.751000	-0.656480	4.031472	3.374992
0.752000	-0.653966	4.028958	3.374992
0.753000	-0.651467	4.026459	3.374992
0.754000	-0.648982	4.023974	3.374992
0.755000	-0.646511	4.021503	3.374992
0.756000	-0.644055	4.019047	3.374992
0.757000	-0.641613	4.016605	3.374992
0.758000	-0.639186	4.014178	3.374992
0.759000	-0.636772	4.011765	3.374992
0.760000	-0.634373	4.009365	3.374992
0.761000	-0.631988	4.006980	3.374992
0.762000	-0.629617	4.004609	3.374992
0.763000	-0.627260	4.002252	3.374992
0.764000	-0.624916	3.999908	3.374991
0.765000	-0.622587	3.997578	3.374991
0.766000	-0.620271	3.995262	3.374991
0.767000	-0.617969	3.992960	3.374991
0.768000	-0.615681	3.990671	3.374991
0.769000	-0.613406	3.988396	3.374990
0.770000	-0.611145	3.986135	3.374991
0.771000	-0.608897	3.983887	3.374991
0.772000	-0.606662	3.981653	3.374991
0.773000	-0.604441	3.979432	3.374991
0.774000	-0.602233	3.977224	3.374991
0.775000	-0.600039	3.975030	3.374991
0.776000	-0.597858	3.972849	3.374991
0.777000	-0.595689	3.970680	3.374991
0.778000	-0.593534	3.968525	3.374991
0.779000	-0.591392	3.966384	3.374991
0.780000	-0.589263	3.964255	3.374991
0.781000	-0.587147	3.962139	3.374991
0.782000	-0.585044	3.960036	3.374991
0.783000	-0.582954	3.957945	3.374991
0.784000	-0.580876	3.955868	3.374991
0.785000	-0.578811	3.953803	3.374992
0.786000	-0.576759	3.951751	3.374991
0.787000	-0.574720	3.949711	3.374992
0.788000	-0.572693	3.947685	3.374992
0.789000	-0.570678	3.945670	3.374992
0.790000	-0.568676	3.943668	3.374992
0.791000	-0.566687	3.941679	3.374992
0.792000	-0.564710	3.939702	3.374992
0.793000	-0.562745	3.937737	3.374992
0.794000	-0.560792	3.935784	3.374992
0.795000	-0.558852	3.933844	3.374992
0.796000	-0.556924	3.931916	3.374992
0.797000	-0.555008	3.930000	3.374992
0.798000	-0.553104	3.928096	3.374992
0.799000	-0.551212	3.926204	3.374992
0.800000	-0.549331	3.924324	3.374992
0.801000	-0.547463	3.922456	3.374992
0.802000	-0.545607	3.920599	3.374992
0.803000	-0.543763	3.918755	3.374992
0.804000	-0.541930	3.916922	3.374992
0.805000	-0.540109	3.915102	3.374992
0.806000	-0.538300	3.913292	3.374992
0.807000	-0.536502	3.911495	3.374992
0.808000	-0.534716	3.909709	3.374993
0.809000	-0.532942	3.907934	3.374992
0.810000	-0.531179	3.906171	3.374992
0.811000	-0.529427	3.904420	3.374992
0.812000	-0.527687	3.902679	3.374992
0.813000	-0.525958	3.900951	3.374992
0.814000	-0.524241	3.899233	3.374992
0.815000	-0.522535	3.897527	3.374992
0.816000	-0.520840	3.895832	3.374992
0.817000	-0.519156	3.894148	3.374992
0.818000	-0.517483	3.892475	3.374992
0.819000	-0.515821	3.890814	3.374992
0.820000	-0.514171	3.889163	3.374992
0.821000	-0.512531	3.887524	3.374993
0.822000	-0.510902	3.885895	3.374993
0.823000	-0.509284	3.884277	3.374992
0.824000	-0.507678	3.882670	3.374992
0.825000	-0.506081	3.881074	3.374993
0.826000	-0.504496	3.879489	3.374993
0.827000	-0.502921	3.877914	3.374993
0.828000	-0.501357	3.876350	3.374992
0.829000	-0.499804	3.874797	3.374992
0.830000	-0.498261	3.873254	3.374993
0.831000	-0.496729	3.871722	3.374992
0.832000	-0.495208	3.870200	3.374992
0.833000	-0.493697	3.868689	3.374992
0.834000	-0.492196	3.867188	3.374992
0.835000	-0.490706	3.865698	3.374992
0.836000	-0.489226	3.864218	3.374992
0.837000	-0.487756	3.862748	3.374992
0.838000	-0.486297	3.861289	3.374992
0.839000	-0.484848	3.859840	3.374992
0.840000	-0.483409	3.858401	3.374992
0.841000	-0.481980	3.856972	3.374992
0.842000	-0.480561	3.855554	3.374992
0.843000	-0.479152	3.854145	3.374993
0.844000	-0.477754	3.852746	3.374993
0.845000	-0.476365	3.851358	3.374992
0.846000	-0.474987	3.849979	3.374993
0.847000	-0.473618	3.848611	3.374993
0.848000	-0.472259	3.847252	3.374993
0.849000	-0.470910	3.845903	3.374993
0.850000	-0.469571	3.844563	3.374993
0.851000	-0.468241	3.843234	3.374993
0.852000	-0.466922	3.841915	3.374993
0.853000	-0.465612	3.840605	3.374993
0.854000	-0.464311	3.839304	3.374993
0.855000	-0.463021	3.838014	3.374993
0.856000	-0.461739	3.836732	3.374993
0.857000	-0.460468	3.835461	3.374993
0.858000	-0.459206	3.834199	3.374993
0.859000	-0.457953	3.832946	3.374993
0.860000	-0.456710	3.831703	3.374993
0.861000	-0.455476	3.830469	3.374993
0.862000	-0.454252	3.829245	3.374993
0.863000	-0.453037	3.828030	3.374993
0.864000	-0.451831	3.826824	3.374992
0.865000	-0.450635	3.825627	3.374992
0.866000	-0.449448	3.824440	3.374992
0.867000	-0.448270	3.823262	3.374992
0.868000	-0.447101	3.822093	3.374992
0.869000	-0.445941	3.820933	3.374992
0.870000	-0.444790	3.819782	3.374992
0.871000	-0.443649	3.818641	3.374992
0.872000	-0.442516	3.817508	3.374992
0.873000	-0.441393	3.816385	3.374992
0.874000	-0.440278	3.815270	3.374992
0.875000	-0.439172	3.814165	3.374992
0.876000	-0.438076	3.813067	3.374992
0.877000	-0.436988	3.811980	3.374991
0.878000	-0.435909	3.810900	3.374991
0.879000	-0.434839	3.809830	3.374991
0.880000	-0.433777	3.808769	3.374992
0.881000	-0.432725	3.807716	3.374992
0.882000	-0.431681	3.806672	3.374991
0.883000	-0.430645	3.805636	3.374991
0.884000	-0.429619	3.804610	3.374991
0.885000	-0.428600	3.803591	3.374991
0.886000	-0.427591	3.802582	3.374991
0.887000	-0.426590	3.801581	3.374991
0.888000	-0.425597	3.800589	3.374991
0.889000	-0.424614	3.799605	3.374992
0.890000	-0.423638	3.798630	3.374991
0.891000	-0.422671	3.797662	3.374991
0.892000	-0.421712	3.796704	3.374991
0.893000	-0.420762	3.795753	3.374991
0.894000	-0.419820	3.794812	3.374991
0.895000	-0.418887	3.793878	3.374991
0.896000	-0.417962	3.792953	3.374991
0.897000	-0.417045	3.792036	3.374991
0.898000	-0.416136	3.791127	3.374991
0.899000	-0.415235	3.790227	3.374991
0.900000	-0.414343	3.789335	3.374991
0.901000	-0.413459	3.788450	3.374991
0.902000	-0.412583	3.787574	3.374991
0.903000	-0.411715	3.786707	3.374991
0.904000	-0.410856	3.785847	3.374992
0.905000	-0.410004	3.784996	3.374992
0.906000	-0.409160	3.784152	3.374992
0.907000	-0.408325	3.783316	3.374991
0.908000	-0.407497	3.782489	3.374992
0.909000	-0.406677	3.781669	3.374991
0.910000	-0.405866	3.780858	3.374992
0.911000	-0.405062	3.780054	3.374992
0.912000	-0.404266	3.779258	3.374992
0.913000	-0.403478	3.778470	3.374992
0.914000	-0.402698	3.777690	3.374992
0.915000	-0.401925	3.776917	3.374992
0.916000	-0.401161	3.776153	3.374992
0.917000	-0.400404	3.775396	3.374992
0.918000	-0.399655	3.774647	3.374992
0.919000	-0.398914	3.773905	3.374992
0.920000	-0.398180	3.773172	3.374992
0.921000	-0.397454	3.772446	3.374992
0.922000	-0.396736	3.771727	3.374991
0.923000	-0.396025	3.771017	3.374992
0.924000	-0.395322	3.770314	3.374992
0.925000	-0.394627	3.769619	3.374992
0.926000	-0.393939	3.768931	3.374992
0.927000	-0.393259	3.768250	3.374992
0.928000	-0.392586	3.767578	3.374992
0.929000	-0.391921	3.766912	3.374992
0.930000	-0.391263	3.766255	3.374992
0.931000	-0.390613	3.765604	3.374992
0.932000	-0.389970	3.764962	3.374992
0.933000	-0.389334	3.764326	3.374992
0.934000	-0.388707	3.763698	3.374992
0.935000	-0.388086	3.763078	3.374992
0.936000	-0.387473	3.762465	3.374992
0.937000	-0.386867	3.761859	3.374992
0.938000	-0.386268	3.761261	3.374992
0.939000	-0.385677	3.760669	3.374992
0.940000	-0.385093	3.760086	3.374992
0.941000	-0.384517	3.759509	3.374992
0.942000	-0.383947	3.758940	3.374992
0.943000	-0.383385	3.758378	3.374992
0.944000	-0.382830	3.757823	3.374992
0.945000	-0.382283	3.757275	3.374992
0.946000	-0.381742	3.756734	3.374992
0.947000	-0.381209	3.756201	3.374992
0.948000	-0.380683	3.755675	3.374993
0.949000	-0.380164	3.755156	3.374992
0.950000	-0.379652	3.754645	3.374993
0.951000	-0.379147	3.754140	3.374993
0.952000	-0.378650	3.753642	3.374993
0.953000	-0.378159	3.753152	3.374992
0.954000	-0.377676	3.752668	3.374993
0.955000	-0.377199	3.752192	3.374993
0.956000	-0.376730	3.751723	3.374992
0.957000	-0.376268	3.751261	3.374993
0.958000	-0.375812	3.750805	3.374993
0.959000	-0.375364	3.750357	3.374993
0.960000	-0.374923	3.749916	3.374993
0.961000	-0.374488	3.749481	3.374993
0.962000	-0.374061	3.749054	3.374993
0.963000	-0.373641	3.748634	3.374993
0.964000	-0.373227	3.748220	3.374993
0.965000	-0.372820	3.747813	3.374993
0.966000	-0.372421	3.747414	3.374993
0.967000	-0.372028	3.747021	3.374993
0.968000	-0.371642	3.746635	3.374993
0.969000	-0.371263	3.746256	3.374993
0.970000	-0.370891	3.745884	3.374993
0.971000	-0.370525	3.745519	3.374993
0.972000	-0.370167	3.745160	3.374993
0.973000	-0.369815	3.744809	3.374993
0.974000	-0.369471	3.744464	3.374993
0.975000	-0.369133	3.744126	3.374993
0.976000	-0.368801	3.743795	3.374993
0.977000	-0.368477	3.743470	3.374993
0.978000	-0.368159	3.743153	3.374993
0.979000	-0.367848	3.742842	3.374993
0.980000	-0.367544	3.742537	3.374993
0.981000	-0.367247	3.742240	3.374994
0.982000	-0.366956	3.741950	3.374993
0.983000	-0.366673	3.741666	3.374993
0.984000	-0.366395	3.741389	3.374993
0.985000	-0.366125	3.741118	3.374993
0.986000	-0.365861	3.740855	3.374994
0.987000	-0.365604	3.740597	3.374993
0.988000	-0.365354	3.740347	3.374993
0.989000	-0.365110	3.740104	3.374993
0.990000	-0.364873	3.739867	3.374993
0.991000	-0.364643	3.739636	3.374993
0.992000	-0.364419	3.739413	3.374994
0.993000	-0.364203	3.739196	3.374993
0.994000	-0.363992	3.738986	3.374993
0.995000	-0.363789	3.738782	3.374994
0.996000	-0.363592	3.738585	3.374993
0.997000	-0.363401	3.738395	3.374993
0.998000	-0.363218	3.738211	3.374993
0.999000	-0.363041	3.738034	3.374993
1.000000	-0.362870	3.737864	3.374993
1.001000	-0.362706	3.737700	3.374994
1.002000	-0.362549	3.737543	3.374994
1.003000	-0.362399	3.737392	3.374994
1.004000	-0.362255	3.737248	3.374993
1.005000	-0.362117	3.737111	3.374994
1.006000	-0.361987	3.736980	3.374993
1.007000	-0.361862	3.736856	3.374994
1.008000	-0.361745	3.736738	3.374993
1.009000	-0.361634	3.736628	3.374994
1.010000	-0.361530	3.736523	3.374994
1.011000	-0.361432	3.736426	3.374994
1.012000	-0.361341	3.736335	3.374994
1.013000	-0.361256	3.736250	3.374994
1.014000	-0.361178	3.736172	3.374994
1.015000	-0.361107	3.736101	3.374994
1.016000	-0.361042	3.736036	3.374994
1.017000	-0.360984	3.735978	3.374994
1.018000	-0.360933	3.735927	3.374994
1.019000	-0.360888	3.735882	3.374994
1.020000	-0.360849	3.735843	3.374994
1.021000	-0.360818	3.735812	3.374994
1.022000	-0.360792	3.735787	3.374994
1.023000	-0.360774	3.735768	3.374994
1.024000	-0.360762	3.735756	3.374995
1.025000	-0.360757	3.735751	3.374994
1.026000	-0.360758	3.735752	3.374995
1.027000	-0.360766	3.735760	3.374995
1.028000	-0.360780	3.735775	3.374995
1.029000	-0.360801	3.735796	3.374995
1.030000	-0.360829	3.735824	3.374995
1.031000	-0.360863	3.735858	3.374995
1.032000	-0.360904	3.735899	3.374995
1.033000	-0.360952	3.735947	3.374995
1.034000	-0.361006	3.736001	3.374995
1.035000	-0.361067	3.736062	3.374995
1.036000	-0.361135	3.736130	3.374995
1.037000	-0.361209	3.736204	3.374995
1.038000	-0.361290	3.736285	3.374995
1.039000	-0.361378	3.736372	3.374995
1.040000	-0.361472	3.736467	3.374995
1.041000	-0.361573	3.736568	3.374995
1.042000	-0.361680	3.736675	3.374995
1.043000	-0.361794	3.736789	3.374995
1.044000	-0.361915	3.736911	3.374995
1.045000	-0.362043	3.737039	3.374995
1.046000	-0.362178	3.737173	3.374995
1.047000	-0.362319	3.737314	3.374995
1.048000	-0.362467	3.737462	3.374995
1.049000	-0.362621	3.737617	3.374995
1.050000	-0.362783	3.737778	3.374995
1.051000	-0.362951	3.737946	3.374995
1.052000	-0.363126	3.738121	3.374995
1.053000	-0.363307	3.738303	3.374995
1.054000	-0.363496	3.738491	3.374995
1.055000	-0.363691	3.738687	3.374995
1.056000	-0.363894	3.738889	3.374995
1.057000	-0.364103	3.739098	3.374995
1.058000	-0.364318	3.739314	3.374995
1.059000	-0.364541	3.739537	3.374995
1.060000	-0.364771	3.739766	3.374995
1.061000	-0.365007	3.740002	3.374995
1.062000	-0.365251	3.740246	3.374995
1.063000	-0.365501	3.740496	3.374995
1.064000	-0.365758	3.740753	3.374995
1.065000	-0.366022	3.741018	3.374995
1.066000	-0.366293	3.741289	3.374995
1.067000	-0.366571	3.741566	3.374995
1.068000	-0.366857	3.741852	3.374995
1.069000	-0.367149	3.742144	3.374995
1.070000	-0.367448	3.742443	3.374995
1.071000	-0.367754	3.742749	3.374995
1.072000	-0.368067	3.743062	3.374995
1.073000	-0.368387	3.743382	3.374995
1.074000	-0.368714	3.743710	3.374995
1.075000	-0.369049	3.744044	3.374995
1.076000	-0.369390	3.744385	3.374995
1.077000	-0.369739	3.744734	3.374995
1.078000	-0.370095	3.745090	3.374995
1.079000	-0.370458	3.745453	3.374995
1.080000	-0.370828	3.745823	3.374995
1.081000	-0.371206	3.746200	3.374995
1.082000	-0.371590	3.746585	3.374995
1.083000	-0.371982	3.746977	3.374995
1.084000	-0.372381	3.747376	3.374995
1.085000	-0.372788	3.747782	3.374995
1.086000	-0.373201	3.748196	3.374995
1.087000	-0.373623	3.748617	3.374995
1.088000	-0.374051	3.749046	3.374995
1.089000	-0.374487	3.749482	3.374995
1.090000	-0.374930	3.749925	3.374995
1.091000	-0.375381	3.750376	3.374995
1.092000	-0.375839	3.750834	3.374995
1.093000	-0.376305	3.751299	3.374995
1.094000	-0.376778	3.751773	3.374995
1.095000	-0.377259	3.752253	3.374995
1.096000	-0.377747	3.752742	3.374995
1.097000	-0.378243	3.753237	3.374995
1.098000	-0.378746	3.753741	3.374995
1.099000	-0.379257	3.754252	3.374995
1.100000	-0.379776	3.754771	3.374995
1.101000	-0.380303	3.755298	3.374995
1.102000	-0.380837	3.755832	3.374995
1.103000	-0.381379	3.756374	3.374995
1.104000	-0.381929	3.756924	3.374995
1.105000	-0.382486	3.757481	3.374995
1.106000	-0.383052	3.758047	3.374995
1.107000	-0.383625	3.758620	3.374995
1.108000	-0.384206	3.759202	3.374995
1.109000	-0.384796	3.759791	3.374995
1.110000	-0.385393	3.760388	3.374995
1.111000	-0.385998	3.760993	3.374995
1.112000	-0.386611	3.761606	3.374995
1.113000	-0.387232	3.762228	3.374995
1.114000	-0.387862	3.762857	3.374996
1.115000	-0.388499	3.763495	3.374996
1.116000	-0.389145	3.764140	3.374996
1.117000	-0.389799	3.764794	3.374995
1.118000	-0.390461	3.765457	3.374996
1.119000	-0.391131	3.766127	3.374996
1.120000	-0.391810	3.766806	3.374996
1.121000	-0.392497	3.767493	3.374996
1.122000	-0.393193	3.768188	3.374996
1.123000	-0.393897	3.768893	3.374996
1.124000	-0.394609	3.769605	3.374996
1.125000	-0.395330	3.770326	3.374996
1.126000	-0.396059	3.771055	3.374996
1.127000	-0.396797	3.771793	3.374996
1.128000	-0.397544	3.772540	3.374996
1.129000	-0.398299	3.773296	3.374996
1.130000	-0.399063	3.774059	3.374996
1.131000	-0.399836	3.774832	3.374996
1.132000	-0.400618	3.775614	3.374996
1.133000	-0.401408	3.776404	3.374996
1.134000	-0.402208	3.777204	3.374996
1.135000	-0.403016	3.778012	3.374996
1.136000	-0.403833	3.778830	3.374996
1.137000	-0.404659	3.779656	3.374997
1.138000	-0.405495	3.780491	3.374997
1.139000	-0.406339	3.781336	3.374997
1.140000	-0.407193	3.782189	3.374996
1.141000	-0.408056	3.783052	3.374996
1.142000	-0.408928	3.783925	3.374996
1.143000	-0.409810	3.784806	3.374997
1.144000	-0.410701	3.785697	3.374996
1.145000	-0.411601	3.786597	3.374996
1.146000	-0.412511	3.787507	3.374996
1.147000	-0.413430	3.788426	3.374996
1.148000	-0.414359	3.789355	3.374996
1.149000	-0.415298	3.790294	3.374996
1.150000	-0.416246	3.791242	3.374996
1.151000	-0.417204	3.792200	3.374996
1.152000	-0.418172	3.793167	3.374996
1.153000	-0.419149	3.794145	3.374996
1.154000	-0.420136	3.795132	3.374996
1.155000	-0.421134	3.796129	3.374996
1.156000	-0.422141	3.797137	3.374996
1.157000	-0.423158	3.798154	3.374996
1.158000	-0.424186	3.799182	3.374996
1.159000	-0.425224	3.800220	3.374996
1.160000	-0.426272	3.801268	3.374996
1.161000	-0.427330	3.802326	3.374995
1.162000	-0.428399	3.803395	3.374996
1.163000	-0.429478	3.804474	3.374996
1.164000	-0.430568	3.805563	3.374996
1.165000	-0.431668	3.806664	3.374996
1.166000	-0.432778	3.807774	3.374996
1.167000	-0.433900	3.808896	3.374996
1.168000	-0.435032	3.810028	3.374996
1.169000	-0.436175	3.811171	3.374996
1.170000	-0.437329	3.812325	3.374996
1.171000	-0.438493	3.813489	3.374996
1.172000	-0.439669	3.814665	3.374996
1.173000	-0.440856	3.815852	3.374996
1.174000	-0.442054	3.817050	3.374996
1.175000	-0.443263	3.818259	3.374996
1.176000	-0.444484	3.819480	3.374996
1.177000	-0.445716	3.820712	3.374996
1.178000	-0.446959	3.821955	3.374996
1.179000	-0.448214	3.823210	3.374996
1.180000	-0.449480	3.824477	3.374996
1.181000	-0.450758	3.825755	3.374996
1.182000	-0.452048	3.827044	3.374996
1.183000	-0.453350	3.828346	3.374997
1.184000	-0.454663	3.829660	3.374996
1.185000	-0.455989	3.830985	3.374997
1.186000	-0.457326	3.832323	3.374997
1.187000	-0.458676	3.833672	3.374997
1.188000	-0.460037	3.835034	3.374997
1.189000	-0.461412	3.836408	3.374997
1.190000	-0.462798	3.837795	3.374997
1.191000	-0.464197	3.839194	3.374997
1.192000	-0.465608	3.840605	3.374997
1.193000	-0.467032	3.842029	3.374997
1.194000	-0.468469	3.843466	3.374997
1.195000	-0.469918	3.844915	3.374997
1.196000	-0.471381	3.846377	3.374996
1.197000	-0.472856	3.847852	3.374996
1.198000	-0.474345	3.849341	3.374996
1.199000	-0.475846	3.850842	3.374996
1.200000	-0.477361	3.852357	3.374996
1.201000	-0.478889	3.853885	3.374996
1.202000	-0.480430	3.855426	3.374996
1.203000	-0.481985	3.856981	3.374996
1.204000	-0.483553	3.858549	3.374996
1.205000	-0.485135	3.860131	3.374996
1.206000	-0.486731	3.861727	3.374996
1.207000	-0.488340	3.863337	3.374996
1.208000	-0.489964	3.864960	3.374997
1.209000	-0.491601	3.866598	3.374996
1.210000	-0.493253	3.868249	3.374997
1.211000	-0.494919	3.869915	3.374997
1.212000	-0.496599	3.871595	3.374996
1.213000	-0.498293	3.873290	3.374996
1.214000	-0.500002	3.874999	3.374997
1.215000	-0.501726	3.876723	3.374996
1.216000	-0.503465	3.878461	3.374997
1.217000	-0.505218	3.880214	3.374996
1.218000	-0.506986	3.881983	3.374997
1.219000	-0.508769	3.883766	3.374997
1.220000	-0.510567	3.885564	3.374997
1.221000	-0.512381	3.887377	3.374997
1.222000	-0.514209	3.889206	3.374997
1.223000	-0.516053	3.891050	3.374997
1.224000	-0.517913	3.892910	3.374997
1.225000	-0.519788	3.894785	3.374997
1.226000	-0.521679	3.896677	3.374997
1.227000	-0.523586	3.898583	3.374997
1.228000	-0.525509	3.900506	3.374997
1.229000	-0.527448	3.902445	3.374998
1.230000	-0.529403	3.904400	3.374998
1.231000	-0.531374	3.906372	3.374998
1.232000	-0.533362	3.908359	3.374998
1.233000	-0.535366	3.910364	3.374998
1.234000	-0.537386	3.912385	3.374998
1.235000	-0.539424	3.914422	3.374998
1.236000	-0.541478	3.916476	3.374998
1.237000	-0.543549	3.918547	3.374998
1.238000	-0.545637	3.920635	3.374998
1.239000	-0.547743	3.922741	3.374998
1.240000	-0.549866	3.924864	3.374998
1.241000	-0.552006	3.927003	3.374998
1.242000	-0.554163	3.929161	3.374998
1.243000	-0.556338	3.931336	3.374998
1.244000	-0.558531	3.933528	3.374998
1.245000	-0.560741	3.935739	3.374998
1.246000	-0.562970	3.937967	3.374998
1.247000	-0.565216	3.940214	3.374998
1.248000	-0.567481	3.942478	3.374998
1.249000	-0.569764	3.944761	3.374998
1.250000	-0.572065	3.947062	3.374998
1.251000	-0.574384	3.949382	3.374997
1.252000	-0.576723	3.951720	3.374997
1.253000	-0.579080	3.954077	3.374998
1.254000	-0.581455	3.956452	3.374997
1.255000	-0.583850	3.958847	3.374997
1.256000	-0.586263	3.961260	3.374997
1.257000	-0.588696	3.963693	3.374997
1.258000	-0.591148	3.966145	3.374997
1.259000	-0.593619	3.968616	3.374997
1.260000	-0.596109	3.971107	3.374997
1.261000	-0.598619	3.973617	3.374997
1.262000	-0.601149	3.976146	3.374997
1.263000	-0.603698	3.978696	3.374998
1.264000	-0.606268	3.981265	3.374997
1.265000	-0.608857	3.983854	3.374997
1.266000	-0.611466	3.986463	3.374998
1.267000	-0.614095	3.989092	3.374998
1.268000	-0.616744	3.991742	3.374998
1.269000	-0.619414	3.994411	3.374998
1.270000	-0.622104	3.997102	3.374998
1.271000	-0.624814	3.999812	3.374999
1.272000	-0.627545	4.002543	3.374999
1.273000	-0.630297	4.005295	3.374998
1.274000	-0.633069	4.008068	3.374999
1.275000	-0.635862	4.010860	3.374998
1.276000	-0.638677	4.013675	3.374998
1.277000	-0.641512	4.016510	3.374998
1.278000	-0.644368	4.019366	3.374998
1.279000	-0.647245	4.022243	3.374998
1.280000	-0.650142	4.025141	3.374998
1.281000	-0.653062	4.028060	3.374998
1.282000	-0.656002	4.031000	3.374998
1.283000	-0.658964	4.033962	3.374998
1.284000	-0.661947	4.036945	3.374998
1.285000	-0.664952	4.039949	3.374998
1.286000	-0.667977	4.042975	3.374998
1.287000	-0.671024	4.046022	3.374998
1.288000	-0.674093	4.049091	3.374998
1.289000	-0.677183	4.052181	3.374998
1.290000	-0.680294	4.055292	3.374998
1.291000	-0.683427	4.058425	3.374998
1.292000	-0.686582	4.061580	3.374998
1.293000	-0.689758	4.064755	3.374998
1.294000	-0.692955	4.067953	3.374998
1.295000	-0.696174	4.071172	3.374998
1.296000	-0.699413	4.074411	3.374998
1.297000	-0.702675	4.077673	3.374998
1.298000	-0.705958	4.080956	3.374998
1.299000	-0.709262	4.084260	3.374999
1.300000	-0.712587	4.087585	3.374998
1.301000	-0.715933	4.090931	3.374999
1.302000	-0.719300	4.094299	3.374999
1.303000	-0.722688	4.097687	3.374999
1.304000	-0.726097	4.101096	3.374999
1.305000	-0.729527	4.104526	3.374999
1.306000	-0.732977	4.107975	3.374999
1.307000	-0.736448	4.111447	3.374999
1.308000	-0.739938	4.114938	3.375000
1.309000	-0.743449	4.118448	3.374999
1.310000	-0.746980	4.121979	3.375000
1.311000	-0.750531	4.125530	3.374999
1.312000	-0.754101	4.129100	3.374999
1.313000	-0.757690	4.132689	3.375000
1.314000	-0.761298	4.136298	3.374999
1.315000	-0.764926	4.139925	3.374999
1.316000	-0.768571	4.143570	3.374999
1.317000	-0.772235	4.147234	3.374999
1.318000	-0.775917	4.150915	3.374999
1.319000	-0.779615	4.154614	3.374999
1.320000	-0.783332	4.158330	3.374999
1.321000	-0.787065	4.162063	3.374999
1.322000	-0.790813	4.165812	3.374999
1.323000	-0.794579	4.169577	3.374998
1.324000	-0.798359	4.173357	3.374998
1.325000	-0.802154	4.177152	3.374998
1.326000	-0.805964	4.180962	3.374998
1.327000	-0.809787	4.184785	3.374998
1.328000	-0.813624	4.188622	3.374998
1.329000	-0.817474	4.192472	3.374998
1.330000	-0.821335	4.196333	3.374998
1.331000	-0.825208	4.200206	3.374998
1.332000	-0.829091	4.204089	3.374998
1.333000	-0.832985	4.207983	3.374997
1.334000	-0.836888	4.211885	3.374997
1.335000	-0.840799	4.215796	3.374997
1.336000	-0.844717	4.219715	3.374997
1.337000	-0.848642	4.223640	3.374998
1.338000	-0.852573	4.227570	3.374997
1.339000	-0.856509	4.231505	3.374997
1.340000	-0.860448	4.235445	3.374997
1.341000	-0.864389	4.239386	3.374997
1.342000	-0.868332	4.243329	3.374997
1.343000	-0.872276	4.247272	3.374997
1.344000	-0.876218	4.251215	3.374996
1.345000	-0.880159	4.255155	3.374996
1.346000	-0.884095	4.259091	3.374996
1.347000	-0.888026	4.263022	3.374996
1.348000	-0.891952	4.266948	3.374996
1.349000	-0.895869	4.270864	3.374996
1.350000	-0.899777	4.274773	3.374996
1.351000	-0.903673	4.278669	3.374995
1.352000	-0.907557	4.282553	3.374996
1.353000	-0.911426	4.286422	3.374996
1.354000	-0.915278	4.290274	3.374995
1.355000	-0.919113	4.294107	3.374995
1.356000	-0.922926	4.297921	3.374995
1.357000	-0.926717	4.301712	3.374994
1.358000	-0.930484	4.305478	3.374994
1.359000	-0.934223	4.309217	3.374994
1.360000	-0.937933	4.312927	3.374994
1.361000	-0.941610	4.316604	3.374994
1.362000	-0.945254	4.320248	3.374994
1.363000	-0.948860	4.323854	3.374994
1.364000	-0.952427	4.327421	3.374993
1.365000	-0.955951	4.330945	3.374993
1.366000	-0.959430	4.334423	3.374993
1.367000	-0.962860	4.337853	3.374993
1.368000	-0.966239	4.341231	3.374992
1.369000	-0.969562	4.344554	3.374992
1.370000	-0.972827	4.347819	3.374991
1.371000	-0.976031	4.351022	3.374991
1.372000	-0.979168	4.354159	3.374991
1.373000	-0.982236	4.357227	3.374991
1.374000	-0.985231	4.360222	3.374991
1.375000	-0.988149	4.363139	3.374990
1.376000	-0.990985	4.365975	3.374990
1.377000	-0.993736	4.368726	3.374990
1.378000	-0.996397	4.371387	3.374990
1.379000	-0.998963	4.373952	3.374989
1.380000	-1.001430	4.376419	3.374988
1.381000	-1.003793	4.378781	3.374988
1.382000	-1.006047	4.381034	3.374987
1.383000	-1.008186	4.383173	3.374987
1.384000	-1.010206	4.385193	3.374987
1.385000	-1.012101	4.387087	3.374986
1.386000	-1.013866	4.388851	3.374985
1.387000	-1.015494	4.390479	3.374985
1.388000	-1.016980	4.391965	3.374985
1.389000	-1.018318	4.393302	3.374984
1.390000	-1.019501	4.394485	3.374983
1.391000	-1.020524	4.395507	3.374983
1.392000	-1.021379	4.396362	3.374982
1.393000	-1.022061	4.397043	3.374982
1.394000	-1.022562	4.397543	3.374981
1.395000	-1.022876	4.397857	3.374981
1.396000	-1.022995	4.397975	3.374980
1.397000	-1.022912	4.397892	3.374980
1.398000	-1.022620	4.397600	3.374979
1.399000	-1.022112	4.397091	3.374979
1.400000	-1.021380	4.396358	3.374978
1.401000	-1.020416	4.395393	3.374977
1.402000	-1.019213	4.394190	3.374977
1.403000	-1.017762	4.392738	3.374976
1.404000	-1.016057	4.391032	3.374976
1.405000	-1.014088	4.389063	3.374975
1.406000	-1.011847	4.386822	3.374975
1.407000	-1.009328	4.384302	3.374974
1.408000	-1.006522	4.381495	3.374973
1.409000	-1.003420	4.378392	3.374973
1.410000	-1.000015	4.374986	3.374972
1.411000	-0.996298	4.371269	3.374971
1.412000	-0.992262	4.367232	3.374971
1.413000	-0.987898	4.362868	3.374970
1.414000	-0.983200	4.358169	3.374969
1.415000	-0.978159	4.353127	3.374968
1.416000	-0.972768	4.347736	3.374968
1.417000	-0.967020	4.341987	3.374967
1.418000	-0.960908	4.335874	3.374967
1.419000	-0.954424	4.329390	3.374966
1.420000	-0.947563	4.322529	3.374965
1.421000	-0.940319	4.315284	3.374965
1.422000	-0.932687	4.307651	3.374964
1.423000	-0.924660	4.299623	3.374964
1.424000	-0.916234	4.291197	3.374963
1.425000	-0.907405	4.282368	3.374963
1.426000	-0.898169	4.273131	3.374962
1.427000	-0.888523	4.263486	3.374963
1.428000	-0.878466	4.253428	3.374962
1.429000	-0.867996	4.242958	3.374962
1.430000	-0.857111	4.232073	3.374961
1.431000	-0.845813	4.220774	3.374961
1.432000	-0.834102	4.209063	3.374961
1.433000	-0.821980	4.196941	3.374961
1.434000	-0.809451	4.184411	3.374960
1.435000	-0.796517	4.171478	3.374961
1.436000	-0.783187	4.158148	3.374961
1.437000	-0.769464	4.144425	3.374961
1.438000	-0.755358	4.130320	3.374962
1.439000	-0.740877	4.115839	3.374962
1.440000	-0.726032	4.100996	3.374964
1.441000	-0.710835	4.085800	3.374965
1.442000	-0.695300	4.070265	3.374966
1.443000	-0.679441	4.054407	3.374966
1.444000	-0.663275	4.038243	3.374968
1.445000	-0.646820	4.021789	3.374969
1.446000	-0.630098	4.005067	3.374969
1.447000	-0.613127	3.988097	3.374969
1.448000	-0.595930	3.970902	3.374972
1.449000	-0.578533	3.953507	3.374974
1.450000	-0.560962	3.935938	3.374976
1.451000	-0.543245	3.918223	3.374978
1.452000	-0.525412	3.900393	3.374981
1.453000	-0.507495	3.882476	3.374982
1.454000	-0.489524	3.864507	3.374983
1.455000	-0.471536	3.846520	3.374985
1.456000	-0.453563	3.828550	3.374986
1.457000	-0.435645	3.810633	3.374988
1.458000	-0.417817	3.792808	3.374991
1.459000	-0.400120	3.775113	3.374993
1.460000	-0.382594	3.757590	3.374996
1.461000	-0.365281	3.740278	3.374997
1.462000	-0.348218	3.723219	3.375001
1.463000	-0.331453	3.706456	3.375003
1.464000	-0.315026	3.690031	3.375005
1.465000	-0.298980	3.673986	3.375007
1.466000	-0.283357	3.658366	3.375009
1.467000	-0.268199	3.643211	3.375012
1.468000	-0.253551	3.628565	3.375014
1.469000	-0.239450	3.614469	3.375019
1.470000	-0.225943	3.600965	3.375021
1.471000	-0.213065	3.588091	3.375026
1.472000	-0.200858	3.575886	3.375028
1.473000	-0.189357	3.564388	3.375031
1.474000	-0.178599	3.553632	3.375033
1.475000	-0.168617	3.543652	3.375035
1.476000	-0.159442	3.534479	3.375037
1.477000	-0.151105	3.526144	3.375039
1.478000	-0.143632	3.518671	3.375039
1.479000	-0.137047	3.512087	3.375041
1.480000	-0.131370	3.506413	3.375043
1.481000	-0.126625	3.501667	3.375042
1.482000	-0.122821	3.497865	3.375043
1.483000	-0.119977	3.495020	3.375042
1.484000	-0.118098	3.493141	3.375043
1.485000	-0.117191	3.492234	3.375042
1.486000	-0.117261	3.492302	3.375041
1.487000	-0.118304	3.493345	3.375041
1.488000	-0.120318	3.495359	3.375041
1.489000	-0.123297	3.498337	3.375039
1.490000	-0.127228	3.502268	3.375040
1.491000	-0.132101	3.507139	3.375038
1.492000	-0.137898	3.512934	3.375036
1.493000	-0.144598	3.519634	3.375036
1.494000	-0.152182	3.527215	3.375032
1.495000	-0.160620	3.535652	3.375032
1.496000	-0.169889	3.544919	3.375030
1.497000	-0.179955	3.554984	3.375030
1.498000	-0.190789	3.565817	3.375028
1.499000	-0.202355	3.577382	3.375027
1.500000	-0.214620	3.589643	3.375023
1.501000	-0.227544	3.602564	3.375020
1.502000	-0.241087	3.616105	3.375018
1.503000	-0.255209	3.630226	3.375017
1.504000	-0.269873	3.644886	3.375013
1.505000	-0.285033	3.660043	3.375010
1.506000	-0.300646	3.675654	3.375008
1.507000	-0.316673	3.691677	3.375004
1.508000	-0.333067	3.708070	3.375003
1.509000	-0.349792	3.724789	3.374997
1.510000	-0.366794	3.741792	3.374997
1.511000	-0.384043	3.759037	3.374994
1.512000	-0.401491	3.776482	3.374991
1.513000	-0.419099	3.794088	3.374989
1.514000	-0.436826	3.811813	3.374987
1.515000	-0.454634	3.829619	3.374985
1.516000	-0.472488	3.847469	3.374981
1.517000	-0.490345	3.865326	3.374981
1.518000	-0.508176	3.883154	3.374978
1.519000	-0.525945	3.900922	3.374976
1.520000	-0.543622	3.918595	3.374972
1.521000	-0.561172	3.936143	3.374972
1.522000	-0.578566	3.953538	3.374972
1.523000	-0.595783	3.970752	3.374970
1.524000	-0.612791	3.987759	3.374969
1.525000	-0.629567	4.004535	3.374968
1.526000	-0.646091	4.021057	3.374966
1.527000	-0.662340	4.037304	3.374964
1.528000	-0.678295	4.053258	3.374963
1.529000	-0.693937	4.068900	3.374963
1.530000	-0.709252	4.084214	3.374962
1.531000	-0.724223	4.099185	3.374962
1.532000	-0.738839	4.113801	3.374962
1.533000	-0.753090	4.128051	3.374961
1.534000	-0.766962	4.141923	3.374962
1.535000	-0.780449	4.155410	3.374960
1.536000	-0.793542	4.168503	3.374961
1.537000	-0.806234	4.181196	3.374961
1.538000	-0.818523	4.193484	3.374961
1.539000	-0.830402	4.205364	3.374962
1.540000	-0.841871	4.216833	3.374962
1.541000	-0.852926	4.227888	3.374961
1.542000	-0.863567	4.238529	3.374962
1.543000	-0.873793	4.248756	3.374963
1.544000	-0.883607	4.258570	3.374963
1.545000	-0.893009	4.267972	3.374963
1.546000	-0.902002	4.276966	3.374963
1.547000	-0.910589	4.285553	3.374964
1.548000	-0.918775	4.293739	3.374964
1.549000	-0.926562	4.301527	3.374965
1.550000	-0.933956	4.308922	3.374965
1.551000	-0.940962	4.315929	3.374967
1.552000	-0.947587	4.322554	3.374967
1.553000	-0.953836	4.328804	3.374968
1.554000	-0.959716	4.334684	3.374968
1.555000	-0.965233	4.340202	3.374969
1.556000	-0.970394	4.345364	3.374970
1.557000	-0.975207	4.350178	3.374971
1.558000	-0.979680	4.354652	3.374972
1.559000	-0.983820	4.358792	3.374972
1.560000	-0.987634	4.362607	3.374973
1.561000	-0.991131	4.366105	3.374974
1.562000	-0.994318	4.369293	3.374975
1.563000	-0.997204	4.372180	3.374975
1.564000	-0.999797	4.374773	3.374976
1.565000	-1.002104	4.377080	3.374977
1.566000	-1.004134	4.379111	3.374978
1.567000	-1.005894	4.380873	3.374978
1.568000	-1.007394	4.382372	3.374979
1.569000	-1.008640	4.383620	3.374979
1.570000	-1.009641	4.384622	3.374980
1.571000	-1.010405	4.385386	3.374981
1.572000	-1.010938	4.385920	3.374981
1.573000	-1.011250	4.386231	3.374982
1.574000	-1.011346	4.386329	3.374983
1.575000	-1.011236	4.386219	3.374983
1.576000	-1.010925	4.385909	3.374984
1.577000	-1.010422	4.385406	3.374984
1.578000	-1.009732	4.384717	3.374985
1.579000	-1.008864	4.383849	3.374985
1.580000	-1.007823	4.382809	3.374986
1.581000	-1.006616	4.381603	3.374986
1.582000	-1.005251	4.380238	3.374987
1.583000	-1.003732	4.378719	3.374987
1.584000	-1.002067	4.377055	3.374988
1.585000	-1.000260	4.375249	3.374989
1.586000	-0.998319	4.373308	3.374989
1.587000	-0.996249	4.371238	3.374989
1.588000	-0.994054	4.369044	3.374990
1.589000	-0.991742	4.366731	3.374990
1.590000	-0.989316	4.364306	3.374990
1.591000	-0.986782	4.361773	3.374991
1.592000	-0.984145	4.359136	3.374991
1.593000	-0.981410	4.356401	3.374991
1.594000	-0.978580	4.353572	3.374992
1.595000	-0.975662	4.350655	3.374992
1.596000	-0.972659	4.347652	3.374993
1.597000	-0.969576	4.344569	3.374993
1.598000	-0.966416	4.341409	3.374993
1.599000	-0.963184	4.338177	3.374993
1.600000	-0.959883	4.334877	3.374994
1.601000	-0.956517	4.331511	3.374994
1.602000	-0.953090	4.328084	3.374994
1.603000	-0.949605	4.324600	3.374995
1.604000	-0.946066	4.321061	3.374995
1.605000	-0.942475	4.317470	3.374995
1.606000	-0.938836	4.313832	3.374996
1.607000	-0.935152	4.310148	3.374996
1.608000	-0.931426	4.306422	3.374995
1.609000	-0.927661	4.302657	3.374996
1.610000	-0.923859	4.298855	3.374996
1.611000	-0.920023	4.295020	3.374996
1.612000	-0.916156	4.291152	3.374996
1.613000	-0.912259	4.287255	3.374996
1.614000	-0.908336	4.283332	3.374996
1.615000	-0.904387	4.279384	3.374997
1.616000	-0.900417	4.275414	3.374997
1.617000	-0.896426	4.271423	3.374997
1.618000	-0.892417	4.267414	3.374997
1.619000	-0.888391	4.263389	3.374997
1.620000	-0.884351	4.259349	3.374998
1.621000	-0.880298	4.255296	3.374997
1.622000	-0.876234	4.251232	3.374998
1.623000	-0.872160	4.247158	3.374998
1.624000	-0.868079	4.243076	3.374998
1.625000	-0.863991	4.238988	3.374998
1.626000	-0.859897	4.234896	3.374999
1.627000	-0.855801	4.230799	3.374999
1.628000	-0.851702	4.226700	3.374998
1.629000	-0.847602	4.222601	3.374999
1.630000	-0.843502	4.218501	3.374999
1.631000	-0.839404	4.214403	3.374999
1.632000	-0.835308	4.210307	3.374999
1.633000	-0.831215	4.206214	3.374999
1.634000	-0.827127	4.202126	3.374999
1.635000	-0.823045	4.198043	3.374999
1.636000	-0.818968	4.193967	3.374999
1.637000	-0.814899	4.189898	3.374999
1.638000	-0.810838	4.185837	3.374999
1.639000	-0.806787	4.181785	3.374998
1.640000	-0.802744	4.177742	3.374998
1.641000	-0.798712	4.173710	3.374998
1.642000	-0.794691	4.169690	3.374998
1.643000	-0.790682	4.165680	3.374998
1.644000	-0.786685	4.161684	3.374999
1.645000	-0.782701	4.157700	3.374998
1.646000	-0.778731	4.153729	3.374998
1.647000	-0.774774	4.149773	3.374998
1.648000	-0.770833	4.145831	3.374998
1.649000	-0.766906	4.141904	3.374998
1.650000	-0.762995	4.137992	3.374998
1.651000	-0.759099	4.134097	3.374998
1.652000	-0.755220	4.130217	3.374997
1.653000	-0.751357	4.126355	3.374998
1.654000	-0.747512	4.122509	3.374997
1.655000	-0.743683	4.118680	3.374997
1.656000	-0.739873	4.114870	3.374997
1.657000	-0.736080	4.111077	3.374997
1.658000	-0.732306	4.107303	3.374998
1.659000	-0.728550	4.103547	3.374997
1.660000	-0.724813	4.099810	3.374997
1.661000	-0.721094	4.096091	3.374997
1.662000	-0.717395	4.092392	3.374998
1.663000	-0.713715	4.088713	3.374998
1.664000	-0.710055	4.085053	3.374998
1.665000	-0.706414	4.081412	3.374998
1.666000	-0.702794	4.077791	3.374998
1.667000	-0.699193	4.074191	3.374998
1.668000	-0.695612	4.070611	3.374998
1.669000	-0.692052	4.067050	3.374998
1.670000	-0.688512	4.063510	3.374998
1.671000	-0.684993	4.059991	3.374998
1.672000	-0.681494	4.056492	3.374998
1.673000	-0.678015	4.053013	3.374998
1.674000	-0.674557	4.049555	3.374998
1.675000	-0.671120	4.046118	3.374998
1.676000	-0.667703	4.042702	3.374998
1.677000	-0.664308	4.039306	3.374998
1.678000	-0.660933	4.035932	3.374999
1.679000	-0.657578	4.032577	3.374999
1.680000	-0.654245	4.029244	3.374999
1.681000	-0.650933	4.025931	3.374999
1.682000	-0.647641	4.022639	3.374998
1.683000	-0.644370	4.019369	3.374999
1.684000	-0.641120	4.016119	3.374999
1.685000	-0.637890	4.012889	3.374999
1.686000	-0.634681	4.009680	3.374999
1.687000	-0.631493	4.006492	3.374999
1.688000	-0.628326	4.003325	3.374999
1.689000	-0.625179	4.000177	3.374998
1.690000	-0.622052	3.997051	3.374999
1.691000	-0.618947	3.993945	3.374999
1.692000	-0.615861	3.990860	3.374999
1.693000	-0.612796	3.987795	3.374999
1.694000	-0.609752	3.984750	3.374998
1.695000	-0.606727	3.981725	3.374998
1.696000	-0.603723	3.978721	3.374998
1.697000	-0.600739	3.975737	3.374998
1.698000	-0.597774	3.972773	3.374998
1.699000	-0.594830	3.969828	3.374998
1.700000	-0.591906	3.966904	3.374998
1.701000	-0.589001	3.963999	3.374998
1.702000	-0.586115	3.961113	3.374998
1.703000	-0.583250	3.958248	3.374999
1.704000	-0.580404	3.955402	3.374998
1.705000	-0.577577	3.952575	3.374999
1.706000	-0.574769	3.949768	3.374999
1.707000	-0.571981	3.946980	3.374999
1.708000	-0.569212	3.944210	3.374999
1.709000	-0.566461	3.941460	3.374999
1.710000	-0.563730	3.938729	3.374999
1.711000	-0.561018	3.936016	3.374999
1.712000	-0.558324	3.933322	3.374999
1.713000	-0.555648	3.930647	3.374999
1.714000	-0.552991	3.927990	3.374999
1.715000	-0.550353	3.925352	3.374999
1.716000	-0.547732	3.922731	3.374999
1.717000	-0.545130	3.920129	3.374999
1.718000	-0.542546	3.917545	3.374999
1.719000	-0.539980	3.914978	3.374999
1.720000	-0.537431	3.912430	3.374999
1.721000	-0.534900	3.909899	3.374999
1.722000	-0.532387	3.907386	3.374999
1.723000	-0.529891	3.904889	3.374998
1.724000	-0.527412	3.902411	3.374999
1.725000	-0.524951	3.899950	3.374998
1.726000	-0.522507	3.897505	3.374999
1.727000	-0.520079	3.895078	3.374999
1.728000	-0.517669	3.892667	3.374998
1.729000	-0.515275	3.890273	3.374998
1.730000	-0.512898	3.887896	3.374998
1.731000	-0.510538	3.885535	3.374998
1.732000	-0.508193	3.883191	3.374997
1.733000	-0.505866	3.880863	3.374997
1.734000	-0.503554	3.878551	3.374997
1.735000	-0.501258	3.876255	3.374997
1.736000	-0.498978	3.873975	3.374997
1.737000	-0.496713	3.871711	3.374998
1.738000	-0.494465	3.869463	3.374998
1.739000	-0.492232	3.867229	3.374998
1.740000	-0.490014	3.865012	3.374998
1.741000	-0.487812	3.862810	3.374998
1.742000	-0.485625	3.860623	3.374998
1.743000	-0.483454	3.858452	3.374998
1.744000	-0.481297	3.856295	3.374998
1.745000	-0.479155	3.854153	3.374998
1.746000	-0.477028	3.852026	3.374999
1.747000	-0.474915	3.849914	3.374998
1.748000	-0.472818	3.847816	3.374998
1.749000	-0.470734	3.845732	3.374999
1.750000	-0.468665	3.843663	3.374998
1.751000	-0.466610	3.841609	3.374998
1.752000	-0.464569	3.839568	3.374998
1.753000	-0.462543	3.837541	3.374998
1.754000	-0.460530	3.835528	3.374998
1.755000	-0.458531	3.833529	3.374998
1.756000	-0.456545	3.831544	3.374998
1.757000	-0.454574	3.829572	3.374998
1.758000	-0.452616	3.827614	3.374998
1.759000	-0.450671	3.825669	3.374998
1.760000	-0.448739	3.823737	3.374998
1.761000	-0.446820	3.821819	3.374998
1.762000	-0.444915	3.819913	3.374998
1.763000	-0.443022	3.818021	3.374998
1.764000	-0.441143	3.816141	3.374998
1.765000	-0.439276	3.814274	3.374998
1.766000	-0.437422	3.812420	3.374998
1.767000	-0.435580	3.810578	3.374998
1.768000	-0.433751	3.808748	3.374998
1.769000	-0.431934	3.806931	3.374998
1.770000	-0.430129	3.805127	3.374998
1.771000	-0.428336	3.803334	3.374997
1.772000	-0.426556	3.801553	3.374997
1.773000	-0.424788	3.799785	3.374997
1.774000	-0.423031	3.798028	3.374998
1.775000	-0.421286	3.796283	3.374997
1.776000	-0.419552	3.794550	3.374997
1.777000	-0.417831	3.792828	3.374997
1.778000	-0.416121	3.791118	3.374997
1.779000	-0.414422	3.789419	3.374997
1.780000	-0.412734	3.787731	3.374997
1.781000	-0.411058	3.786055	3.374998
1.782000	-0.409393	3.784390	3.374998
1.783000	-0.407738	3.782736	3.374998
1.784000	-0.406095	3.781093	3.374998
1.785000	-0.404463	3.779460	3.374998
1.786000	-0.402841	3.777839	3.374998
1.787000	-0.401230	3.776228	3.374998
1.788000	-0.399630	3.774627	3.374998
1.789000	-0.398040	3.773038	3.374998
1.790000	-0.396460	3.771458	3.374998
1.791000	-0.394892	3.769889	3.374998
1.792000	-0.393333	3.768331	3.374998
1.793000	-0.391784	3.766782	3.374998
1.794000	-0.390246	3.765243	3.374998
1.795000	-0.388717	3.763715	3.374998
1.796000	-0.387199	3.762197	3.374998
1.797000	-0.385690	3.760688	3.374998
1.798000	-0.384191	3.759189	3.374997
1.799000	-0.382702	3.757700	3.374997
1.800000	-0.381223	3.756220	3.374997
1.801000	-0.379753	3.754750	3.374997
1.802000	-0.378292	3.753289	3.374997
1.803000	-0.376841	3.751838	3.374997
1.804000	-0.375399	3.750396	3.374997
1.805000	-0.373967	3.748964	3.374997
1.806000	-0.372544	3.747541	3.374997
1.807000	-0.371129	3.746126	3.374997
1.808000	-0.369724	3.744721	3.374997
1.809000	-0.368328	3.743325	3.374997
1.810000	-0.366940	3.741937	3.374997
1.811000	-0.365562	3.740559	3.374997
1.812000	-0.364192	3.739189	3.374997
1.813000	-0.362830	3.737828	3.374997
1.814000	-0.361478	3.736475	3.374997
1.815000	-0.360134	3.735131	3.374997
1.816000	-0.358798	3.733795	3.374997
1.817000	-0.357471	3.732468	3.374997
1.818000	-0.356152	3.731149	3.374997
1.819000	-0.354842	3.729838	3.374997
1.820000	-0.353539	3.728536	3.374997
1.821000	-0.352245	3.727242	3.374997
1.822000	-0.350959	3.725955	3.374997
1.823000	-0.349681	3.724678	3.374997
1.824000	-0.348410	3.723407	3.374997
1.825000	-0.347148	3.722145	3.374997
1.826000	-0.345893	3.720890	3.374997
1.827000	-0.344647	3.719643	3.374997
1.828000	-0.343407	3.718404	3.374997
1.829000	-0.342176	3.717173	3.374997
1.830000	-0.340952	3.715949	3.374997
1.831000	-0.339736	3.714732	3.374997
1.832000	-0.338527	3.713523	3.374997
1.833000	-0.337325	3.712322	3.374997
1.834000	-0.336131	3.711128	3.374997
1.835000	-0.334944	3.709941	3.374997
1.836000	-0.333764	3.708761	3.374997
1.837000	-0.332592	3.707589	3.374997
1.838000	-0.331426	3.706424	3.374997
1.839000	-0.330268	3.705265	3.374997
1.840000	-0.329117	3.704114	3.374998
1.841000	-0.327972	3.702970	3.374998
1.842000	-0.326835	3.701832	3.374997
1.843000	-0.325704	3.700702	3.374997
1.844000	-0.324581	3.699578	3.374998
1.845000	-0.323463	3.698461	3.374998
1.846000	-0.322353	3.697351	3.374997
1.847000	-0.321249	3.696247	3.374998
1.848000	-0.320152	3.695150	3.374997
1.849000	-0.319062	3.694059	3.374998
1.850000	-0.317978	3.692975	3.374998
1.851000	-0.316900	3.691898	3.374998
1.852000	-0.315829	3.690826	3.374998
1.853000	-0.314764	3.689761	3.374997
1.854000	-0.313705	3.688702	3.374997
1.855000	-0.312653	3.687650	3.374998
1.856000	-0.311606	3.686604	3.374998
1.857000	-0.310566	3.685564	3.374998
1.858000	-0.309532	3.684530	3.374998
1.859000	-0.308505	3.683502	3.374998
1.860000	-0.307483	3.682481	3.374998
1.861000	-0.306467	3.681465	3.374998
1.862000	-0.305457	3.680454	3.374998
1.863000	-0.304453	3.679451	3.374998
1.864000	-0.303454	3.678452	3.374998
1.865000	-0.302462	3.677460	3.374998
1.866000	-0.301475	3.676473	3.374998
1.867000	-0.300494	3.675492	3.374998
1.868000	-0.299519	3.674516	3.374998
1.869000	-0.298549	3.673547	3.374998
1.870000	-0.297585	3.672583	3.374998
1.871000	-0.296626	3.671624	3.374998
1.872000	-0.295673	3.670671	3.374998
1.873000	-0.294725	3.669723	3.374998
1.874000	-0.293783	3.668781	3.374998
1.875000	-0.292846	3.667844	3.374998
1.876000	-0.291914	3.666912	3.374998
1.877000	-0.290988	3.665986	3.374998
1.878000	-0.290067	3.665065	3.374998
1.879000	-0.289151	3.664149	3.374998
1.880000	-0.288241	3.663238	3.374998
1.881000	-0.287335	3.662333	3.374998
1.882000	-0.286435	3.661433	3.374998
1.883000	-0.285539	3.660537	3.374998
1.884000	-0.284649	3.659647	3.374998
1.885000	-0.283764	3.658762	3.374998
1.886000	-0.282883	3.657881	3.374998
1.887000	-0.282008	3.657006	3.374998
1.888000	-0.281137	3.656135	3.374998
1.889000	-0.280272	3.655269	3.374997
1.890000	-0.279411	3.654408	3.374997
1.891000	-0.278555	3.653552	3.374997
1.892000	-0.277703	3.652700	3.374997
1.893000	-0.276856	3.651854	3.374997
1.894000	-0.276014	3.651012	3.374997
1.895000	-0.275177	3.650174	3.374998
1.896000	-0.274344	3.649342	3.374997
1.897000	-0.273516	3.648513	3.374997
1.898000	-0.272692	3.647690	3.374998
1.899000	-0.271873	3.646870	3.374998
1.900000	-0.271058	3.646056	3.374998
1.901000	-0.270248	3.645246	3.374998
1.902000	-0.269442	3.644440	3.374998
1.903000	-0.268640	3.643638	3.374998
1.904000	-0.267843	3.642841	3.374998
1.905000	-0.267050	3.642048	3.374998
1.906000	-0.266262	3.641260	3.374998
1.907000	-0.265477	3.640476	3.374998
1.908000	-0.264697	3.639696	3.374999
1.909000	-0.263921	3.638920	3.374998
1.910000	-0.263150	3.638148	3.374999
1.911000	-0.262382	3.637381	3.374999
1.912000	-0.261619	3.636617	3.374999
1.913000	-0.260859	3.635858	3.374999
1.914000	-0.260104	3.635103	3.374999
1.915000	-0.259353	3.634351	3.374999
1.916000	-0.258605	3.633604	3.374999
1.917000	-0.257862	3.632860	3.374998
1.918000	-0.257123	3.632121	3.374999
1.919000	-0.256387	3.631386	3.374999
1.920000	-0.255656	3.630654	3.374999
1.921000	-0.254928	3.629927	3.374999
1.922000	-0.254204	3.629203	3.374999
1.923000	-0.253484	3.628483	3.374999
1.924000	-0.252768	3.627767	3.374999
1.925000	-0.252055	3.627054	3.374999
1.926000	-0.251346	3.626345	3.374999
1.927000	-0.250641	3.625640	3.374999
1.928000	-0.249940	3.624939	3.374999
1.929000	-0.249242	3.624241	3.374999
1.930000	-0.248548	3.623547	3.374999
1.931000	-0.247857	3.622856	3.374999
1.932000	-0.247170	3.622169	3.374999
1.933000	-0.246487	3.621486	3.374999
1.934000	-0.245807	3.620806	3.374999
1.935000	-0.245131	3.620130	3.375000
1.936000	-0.244458	3.619457	3.374999
1.937000	-0.243788	3.618788	3.374999
1.938000	-0.243122	3.618121	3.374999
1.939000	-0.242460	3.617459	3.374999
1.940000	-0.241801	3.616800	3.374999
1.941000	-0.241145	3.616144	3.375000
1.942000	-0.240492	3.615491	3.374999
1.943000	-0.239843	3.614842	3.374999
1.944000	-0.239197	3.614196	3.374999
1.945000	-0.238555	3.613554	3.374999
1.946000	-0.237915	3.612914	3.374999
1.947000	-0.237279	3.612278	3.374999
1.948000	-0.236646	3.611645	3.374999
1.949000	-0.236016	3.611016	3.374999
1.950000	-0.235390	3.610389	3.375000
1.951000	-0.234767	3.609766	3.375000
1.952000	-0.234146	3.609146	3.375000
1.953000	-0.233529	3.608529	3.375000
1.954000	-0.232915	3.607915	3.375000
1.955000	-0.232304	3.607304	3.375000
1.956000	-0.231696	3.606696	3.375000
1.957000	-0.231091	3.606091	3.375000
1.958000	-0.230489	3.605489	3.375000
1.959000	-0.229891	3.604890	3.375000
1.960000	-0.229295	3.604294	3.375000
1.961000	-0.228702	3.603701	3.374999
1.962000	-0.228112	3.603111	3.375000
1.963000	-0.227525	3.602524	3.374999
1.964000	-0.226940	3.601940	3.375000
1.965000	-0.226359	3.601359	3.375000
1.966000	-0.225780	3.600780	3.375000
1.967000	-0.225205	3.600204	3.375000
1.968000	-0.224632	3.599632	3.375000
1.969000	-0.224062	3.599061	3.374999
1.970000	-0.223495	3.598494	3.375000
1.971000	-0.222930	3.597929	3.375000
1.972000	-0.222368	3.597368	3.375000
1.973000	-0.221809	3.596809	3.375000
1.974000	-0.221253	3.596252	3.375000
1.975000	-0.220699	3.595699	3.375000
1.976000	-0.220148	3.595148	3.375000
1.977000	-0.219600	3.594600	3.375000
1.978000	-0.219055	3.594054	3.374999
1.979000	-0.218511	3.593511	3.374999
1.980000	-0.217971	3.592970	3.374999
1.981000	-0.217433	3.592433	3.374999
1.982000	-0.216898	3.591897	3.374999
1.983000	-0.216366	3.591365	3.374999
1.984000	-0.215835	3.590835	3.375000
1.985000	-0.215308	3.590307	3.374999
1.986000	-0.214783	3.589782	3.374999
1.987000	-0.214260	3.589260	3.374999
1.988000	-0.213740	3.588739	3.374999
1.989000	-0.213223	3.588222	3.375000
1.990000	-0.212707	3.587707	3.374999
1.991000	-0.212195	3.587194	3.375000
1.992000	-0.211684	3.586684	3.374999
1.993000	-0.211177	3.586176	3.374999
1.994000	-0.210671	3.585670	3.375000
1.995000	-0.210168	3.585167	3.374999
1.996000	-0.209667	3.584666	3.374999
1.997000	-0.209169	3.584168	3.374999
1.998000	-0.208673	3.583672	3.374999
1.999000	-0.208179	3.583178	3.374999
2.000000	-0.207688	3.582687	3.374999
