0	-5.99998665	0.666169167	-5.33381748
0.0100000007	-5.998353	0.664535701	-5.33381748
0.0200000014	-5.99398994	0.660172641	-5.33381748
0.0300000012	-5.98698568	0.653168678	-5.33381701
0.0400000028	-5.97756529	0.643748164	-5.33381701
0.0500000007	-5.96609497	0.632278144	-5.33381701
0.0600000024	-5.95307827	0.619261861	-5.33381653
0.0700000003	-5.93913126	0.605315506	-5.33381557
0.0800000057	-5.92494202	0.591126561	-5.33381557
0.0900000036	-5.91121149	0.57739687	-5.33381462
0.100000001	-5.89859056	0.564775109	-5.33381557
0.110000007	-5.88760757	0.553792238	-5.33381557
0.120000005	-5.87862349	0.544808745	-5.33381462
0.13000001	-5.8718009	0.537985206	-5.33381557
0.140000001	-5.86709833	0.533282459	-5.33381605
0.150000006	-5.86430502	0.530489683	-5.33381557
0.160000011	-5.86309004	0.529274166	-5.33381605
0.170000002	-5.86305809	0.529242396	-5.33381557
0.180000007	-5.86381674	0.530000031	-5.33381653
0.190000013	-5.86501884	0.531201661	-5.33381701
0.200000003	-5.86640167	0.532584488	-5.33381701
0.210000008	-5.86780071	0.533983231	-5.33381748
0.220000014	-5.86914635	0.5353297	-5.33381653
0.230000004	-5.8704567	0.536640167	-5.33381653
0.24000001	-5.87181139	0.537994146	-5.33381748
0.25	-5.87332773	0.539511204	-5.33381653
0.26000002	-5.87514544	0.541328132	-5.33381748
0.270000011	-5.87739468	0.543577552	-5.33381701
0.280000001	-5.88018942	0.546371698	-5.33381748
0.290000021	-5.88360834	0.549789965	-5.33381844
0.300000012	-5.88769054	0.553871155	-5.33381939
0.310000002	-5.89242935	0.558609068	-5.33382034
0.320000023	-5.89777279	0.563951969	-5.33382082
0.330000013	-5.90362453	0.569804549	-5.33381987
0.340000004	-5.90985203	0.576031864	-5.33382034
0.350000024	-5.91628551	0.582465291	-5.33382034
0.360000014	-5.92272949	0.588909805	-5.33381987
0.370000005	-5.9289732	0.595152617	-5.33382034
0.380000025	-5.93479538	0.600973904	-5.3338213
0.390000015	-5.9399786	0.606157899	-5.33382082
0.400000006	-5.94432783	0.610506177	-5.33382177
0.410000026	-5.94767332	0.613851428	-5.33382177
0.420000017	-5.94989395	0.616072059	-5.33382177
0.430000007	-5.95092726	0.617105484	-5.33382177
0.440000027	-5.95078039	0.61695838	-5.33382225
0.450000018	-5.94953585	0.615713894	-5.33382177
0.460000008	-5.94735146	0.613529801	-5.33382177
0.470000029	-5.94444895	0.610628426	-5.33382034
0.480000019	-5.94109774	0.607277274	-5.33382034
0.49000001	-5.93758011	0.603759408	-5.33382082
0.5	-5.93415833	0.600337565	-5.33382082
0.51000005	-5.93103743	0.597216308	-5.3338213
0.520000041	-5.9283309	0.594509542	-5.3338213
0.530000031	-5.92604017	0.592219114	-5.3338213
0.540000021	-5.92405128	0.590230227	-5.3338213
0.550000012	-5.92214775	0.588326454	-5.3338213
0.560000002	-5.92004299	0.586221218	-5.33382177
0.570000052	-5.91742182	0.583600342	-5.3338213
0.580000043	-5.91399097	0.580168843	-5.33382225
0.590000033	-5.90951347	0.575692058	-5.3338213
0.600000024	-5.90384817	0.570026994	-5.3338213
0.610000014	-5.89695978	0.563138247	-5.3338213
0.620000005	-5.88892221	0.555100679	-5.3338213
0.630000055	-5.87991047	0.546088934	-5.3338213
0.640000045	-5.87017965	0.536358714	-5.33382082
0.650000036	-5.86004448	0.526223361	-5.3338213
0.660000026	-5.8498497	0.516029239	-5.33382034
0.670000017	-5.83995342	0.506132603	-5.33382082
0.680000007	-5.8307004	0.49687928	-5.3338213
0.690000057	-5.82240963	0.488589019	-5.33382082
0.700000048	-5.81536388	0.481543005	-5.33382082
0.710000038	-5.80979633	0.47597599	-5.33382034
0.720000029	-5.80589104	0.47207132	-5.33381987
0.730000019	-5.80377817	0.469958335	-5.33381987
0.74000001	-5.80353165	0.469712198	-5.33381939
0.75000006	-5.80517578	0.471354902	-5.33382082
0.76000005	-5.80867958	0.474857926	-5.33382177
0.770000041	-5.8139677	0.480145067	-5.33382273
0.780000031	-5.82091904	0.48709631	-5.33382273
0.790000021	-5.82937431	0.495552003	-5.33382225
0.800000012	-5.83913946	0.505317807	-5.33382177
0.810000062	-5.8499918	0.51616919	-5.33382273
0.820000052	-5.86168003	0.527857184	-5.33382273
0.830000043	-5.87393665	0.540113688	-5.3338232
0.840000033	-5.88648129	0.552657664	-5.33382368
0.850000024	-5.89902449	0.565200627	-5.33382368
0.860000014	-5.91127729	0.577453673	-5.33382368
0.870000064	-5.92295694	0.589133203	-5.33382368
0.880000055	-5.93379116	0.599967122	-5.33382416
0.890000045	-5.94352531	0.609701455	-5.33382368
0.900000036	-5.951931	0.618106604	-5.33382416
0.910000026	-5.95880699	0.624982953	-5.33382416
0.920000017	-5.9639926	0.630167603	-5.33382511
0.930000067	-5.96736431	0.633540273	-5.33382416
0.940000057	-5.96885347	0.63502872	-5.33382463
0.950000048	-5.96844006	0.634615362	-5.33382463
0.960000038	-5.96616793	0.632342815	-5.33382511
0.970000029	-5.96214437	0.628319144	-5.33382511
0.980000019	-5.95654678	0.622722268	-5.33382463
0.990000069	-5.94962597	0.61580193	-5.33382416
1	-5.94170046	0.607876182	-5.33382416
1.00999999	-5.93314552	0.599321365	-5.33382416
1.0200001	-5.92437696	0.590552032	-5.33382511
1.03000009	-5.91581488	0.581990361	-5.33382463
1.04000008	-5.90785217	0.574027598	-5.33382463
1.05000007	-5.90080786	0.566982985	-5.33382511
1.06000006	-5.89489317	0.561068535	-5.33382463
1.07000005	-5.89019299	0.556368172	-5.33382463
1.08000004	-5.88666344	0.552838326	-5.33382511
1.09000003	-5.88415575	0.550330698	-5.33382511
1.10000002	-5.88245773	0.548632622	-5.33382511
1.11000001	-5.88134289	0.547517419	-5.33382559
1.12	-5.88061619	0.546790719	-5.33382559
1.13	-5.88015318	0.546327829	-5.33382511
1.1400001	-5.87991762	0.546092153	-5.33382559
1.1500001	-5.87995958	0.546135545	-5.33382416
1.16000009	-5.88040781	0.546582341	-5.33382559
1.17000008	-5.88142776	0.547601819	-5.33382607
1.18000007	-5.88319969	0.549373269	-5.33382654
1.19000006	-5.88587856	0.55205071	-5.33382797
1.20000005	-5.88955641	0.555729151	-5.33382702
1.21000004	-5.89424562	0.560417652	-5.33382797
1.22000003	-5.89984655	0.566018164	-5.33382845
1.23000002	-5.9061451	0.572316229	-5.33382893
1.24000001	-5.91280985	0.578980803	-5.33382893
1.25	-5.91940689	0.585577428	-5.3338294
1.26000011	-5.92542553	0.591595531	-5.33382988
1.2700001	-5.93032122	0.596491218	-5.33382988
1.28000009	-5.93357277	0.599743605	-5.33382893
1.29000008	-5.93475437	0.600924909	-5.3338294
1.30000007	-5.93360329	0.599773705	-5.3338294
1.31000006	-5.93009424	0.596264958	-5.3338294
1.32000005	-5.92448807	0.590659499	-5.33382845
1.33000004	-5.917346	0.583517849	-5.33382797
1.34000003	-5.90949154	0.575664341	-5.33382702
1.35000002	-5.90192652	0.568099141	-5.3338275
1.36000001	-5.89568949	0.561863065	-5.33382654
1.37000012	-5.89170694	0.557880819	-5.33382607
1.38000011	-5.89063787	0.556813776	-5.33382416
1.3900001	-5.89278078	0.558954835	-5.33382607
1.4000001	-5.89801407	0.564188421	-5.33382559
1.41000009	-5.90584707	0.57202059	-5.33382654
1.42000008	-5.91549397	0.581666529	-5.3338275
1.43000007	-5.92599964	0.592171371	-5.33382845
1.44000006	-5.93636513	0.602536917	-5.33382797
1.45000005	-5.9456625	0.611833453	-5.33382893
1.46000004	-5.9531126	0.61928308	-5.3338294
1.47000003	-5.9581399	0.624309599	-5.33383036
1.48000002	-5.96039057	0.626560092	-5.33383036
1.49000013	-5.95972919	0.625898957	-5.33383036
1.50000012	-5.95621634	0.622386694	-5.33382988
1.51000011	-5.95007515	0.616246462	-5.33382893
1.5200001	-5.94165516	0.607826352	-5.33382893
1.53000009	-5.9313879	0.597559512	-5.33382845
1.54000008	-5.91975594	0.585928559	-5.3338275
1.55000007	-5.90725946	0.573432207	-5.33382702
1.56000006	-5.89438581	0.560559154	-5.33382654
1.57000005	-5.8815918	0.547765374	-5.33382654
1.58000004	-5.86928463	0.535458803	-5.33382607
1.59000003	-5.85781431	0.523988068	-5.33382607
1.60000002	-5.84746027	0.513635159	-5.33382511
1.61000013	-5.83843899	0.504612207	-5.33382702
1.62000012	-5.83088779	0.497061133	-5.33382654
1.63000011	-5.82488394	0.491056025	-5.33382797
1.6400001	-5.820436	0.486607254	-5.33382893
1.6500001	-5.81749821	0.483668268	-5.33382988
1.66000009	-5.81597376	0.4821437	-5.33382988
1.67000008	-5.81572962	0.48189944	-5.33383036
1.68000007	-5.81660414	0.482773989	-5.33383036
1.69000006	-5.81842232	0.484591722	-5.33383083
1.70000005	-5.8210063	0.487176269	-5.33382988
1.71000004	-5.82419443	0.490364641	-5.33382988
1.72000003	-5.8278513	0.4940207	-5.33383083
1.73000014	-5.83187723	0.498046517	-5.33383083
1.74000013	-5.83622074	0.502390563	-5.33383036
1.75000012	-5.8408823	0.507051587	-5.33383083
1.76000011	-5.84590721	0.512076855	-5.33383036
1.7700001	-5.85138464	0.517553866	-5.33383083
1.78000009	-5.85742664	0.523596168	-5.33383036
1.79000008	-5.86415482	0.530324459	-5.33383036
1.80000007	-5.87167406	0.537844121	-5.33382988
1.81000006	-5.88005161	0.546222448	-5.33382893
1.82000005	-5.88929844	0.55546838	-5.33382988
1.83000004	-5.89934731	0.565517664	-5.33382988
1.84000003	-5.91005421	0.576224685	-5.3338294
1.85000014	-5.92119408	0.587363422	-5.33383083
1.86000013	-5.93246698	0.598635912	-5.33383083
1.87000012	-5.94351864	0.609687626	-5.33383083
1.88000011	-5.95395947	0.620127976	-5.33383131
1.8900001	-5.96338463	0.629552484	-5.33383226
1.9000001	-5.97139788	0.637565434	-5.33383226
1.91000009	-5.97763348	0.643800735	-5.33383274
1.92000008	-5.98177338	0.647940516	-5.33383274
1.93000007	-5.98356295	0.649729848	-5.33383322
1.94000006	-5.9828229	0.648990154	-5.33383274
1.95000005	-5.9794631	0.645629704	-5.33383322
1.96000004	-5.97348785	0.639654517	-5.33383322
1.97000015	-5.96500969	0.631176651	-5.33383322
1.98000014	-5.9542551	0.620422482	-5.33383274
1.99000013	-5.94156837	0.607736707	-5.33383179
2	-5.92741299	0.593580961	-5.33383179
2.00999999	-5.91235638	0.578525245	-5.33383131
2.01999998	-5.89705563	0.563224912	-5.33383083
2.03000021	-5.88221836	0.548387408	-5.33383083
2.0400002	-5.86855555	0.534725606	-5.33382988
2.05000019	-5.85673285	0.522903025	-5.33382988
2.06000018	-5.84730864	0.513479233	-5.3338294
2.07000017	-5.84068966	0.50686121	-5.33382845
2.08000016	-5.83710003	0.50327158	-5.33382845
2.09000015	-5.83656597	0.502737641	-5.33382845
2.10000014	-5.83893251	0.505104065	-5.33382845
2.11000013	-5.84389162	0.510063469	-5.33382797
2.12000012	-5.85102892	0.517200589	-5.33382845
2.13000011	-5.85986614	0.526037633	-5.33382845
2.1400001	-5.86990595	0.536076784	-5.33382893
2.1500001	-5.88065863	0.546830118	-5.33382845
2.16000009	-5.89166689	0.557837725	-5.33382893
2.17000008	-5.90250349	0.568674088	-5.3338294
2.18000007	-5.91277599	0.578945935	-5.33382988
2.19000006	-5.92211676	0.588286638	-5.33382988
2.20000005	-5.93018198	0.596351564	-5.33383036
2.21000004	-5.93665075	0.60281992	-5.33383083
2.22000003	-5.9412365	0.607405901	-5.33383083
2.23000002	-5.94371033	0.609879732	-5.33383083
2.24000001	-5.9439311	0.610100269	-5.33383083
2.25	-5.94188356	0.608052969	-5.33383083
2.25999999	-5.93771839	0.60388875	-5.33382988
2.27000022	-5.93178415	0.597953796	-5.33383036
2.28000021	-5.92462635	0.590797544	-5.33382893
2.2900002	-5.91697979	0.583150506	-5.3338294
2.30000019	-5.90969229	0.575864196	-5.33382797
2.31000018	-5.90364361	0.569815159	-5.33382845
2.32000017	-5.89961433	0.56578666	-5.3338275
2.33000016	-5.89817619	0.564348817	-5.3338275
2.34000015	-5.8995924	0.56576395	-5.33382845
2.35000014	-5.90376949	0.56994164	-5.33382797
2.36000013	-5.9102807	0.576451361	-5.3338294
2.37000012	-5.91842365	0.584594309	-5.3338294
2.38000011	-5.92734194	0.593511701	-5.33383036
2.3900001	-5.93613815	0.602307618	-5.33383036
2.4000001	-5.94399071	0.61016041	-5.33383036
2.41000009	-5.95023632	0.616405845	-5.33383036
2.42000008	-5.95441532	0.620584369	-5.33383083
2.43000007	-5.95628452	0.622453928	-5.33383083
2.44000006	-5.95580578	0.621975183	-5.33383083
2.45000005	-5.95310879	0.619278133	-5.33383083
2.46000004	-5.94845009	0.614620805	-5.3338294
2.47000003	-5.94217491	0.608345449	-5.3338294
2.48000002	-5.93466759	0.600838065	-5.3338294
2.49000001	-5.92632389	0.592494249	-5.33382988
2.5	-5.91752052	0.583691835	-5.33382893
2.51000023	-5.90860081	0.574771166	-5.33382988
2.52000022	-5.89985037	0.566021383	-5.33382893
2.53000021	-5.89150286	0.557673216	-5.33382988
2.5400002	-5.88372564	0.549895942	-5.33382988
2.55000019	-5.87662935	0.542799711	-5.33382988
2.56000018	-5.87026834	0.536439061	-5.3338294
2.57000017	-5.86465073	0.530821145	-5.3338294
2.58000016	-5.85974407	0.525913954	-5.33382988
2.59000015	-5.85548592	0.521656513	-5.3338294
2.60000014	-5.85179806	0.517969489	-5.33382845
2.61000013	-5.84859562	0.514766097	-5.3338294
2.62000012	-5.84579229	0.511961877	-5.33383036
2.63000011	-5.84331465	0.509483874	-5.33383083
2.6400001	-5.84110928	0.507278204	-5.33383083
2.6500001	-5.83914614	0.505315423	-5.33383083
2.66000009	-5.83742332	0.503592968	-5.33383036
2.67000008	-5.83596611	0.502135813	-5.33383036
2.68000007	-5.83482361	0.500993609	-5.33382988
2.69000006	-5.83406544	0.500236034	-5.3338294
2.70000005	-5.83377504	0.499945879	-5.33382893
2.71000004	-5.83404112	0.500211418	-5.33382988
2.72000003	-5.83494854	0.501119196	-5.3338294
2.73000002	-5.83657646	0.50274682	-5.33382988
2.74000025	-5.83898735	0.505157471	-5.33382988
2.75000024	-5.84222651	0.508396029	-5.33383036
2.76000023	-5.84631824	0.512486339	-5.33383179
2.77000022	-5.85126209	0.517430902	-5.33383131
2.78000021	-5.85703993	0.523209631	-5.33383036
2.7900002	-5.86360884	0.529779553	-5.3338294
2.80000019	-5.87090492	0.537075281	-5.33382988
2.81000018	-5.87883759	0.545007646	-5.33382988
2.82000017	-5.88729382	0.553463578	-5.33383036
2.83000016	-5.89613628	0.562305808	-5.33383036
2.84000015	-5.90520382	0.57137239	-5.33383131
2.85000014	-5.91430759	0.58047694	-5.33383083
2.86000013	-5.92324018	0.589409649	-5.33383036
2.87000012	-5.93176985	0.597939014	-5.33383083
2.88000011	-5.93964529	0.605814576	-5.33383083
2.8900001	-5.94660282	0.612771213	-5.33383179
2.9000001	-5.95236826	0.618536592	-5.33383179
2.91000009	-5.95667171	0.622840166	-5.33383179
2.92000008	-5.95926094	0.625428796	-5.33383226
2.93000007	-5.95991802	0.626085639	-5.33383226
2.94000006	-5.95848846	0.6246562	-5.33383226
2.95000005	-5.95491028	0.621078312	-5.33383179
2.96000004	-5.94924545	0.615414381	-5.33383083
2.97000003	-5.94171238	0.607881069	-5.33383131
2.98000026	-5.93270016	0.598869264	-5.33383083
2.99000025	-5.9227767	0.588945627	-5.33383083
3.00000024	-5.91266012	0.578829527	-5.33383083
