0.000000	-2.618772	5.993773	3.375000
0.001000	-2.612661	5.987661	3.375000
0.002000	-2.606667	5.981668	3.375001
0.003000	-2.600789	5.975790	3.375000
0.004000	-2.595027	5.970028	3.375001
0.005000	-2.589381	5.964382	3.375001
0.006000	-2.583850	5.958850	3.375001
0.007000	-2.578432	5.953433	3.375001
0.008000	-2.573129	5.948131	3.375002
0.009000	-2.567939	5.942941	3.375002
0.010000	-2.562863	5.937865	3.375002
0.011000	-2.557899	5.932901	3.375001
0.012000	-2.553048	5.928050	3.375002
0.013000	-2.548309	5.923310	3.375001
0.014000	-2.543680	5.918682	3.375001
0.015000	-2.539163	5.914165	3.375002
0.016000	-2.534756	5.909758	3.375002
0.017000	-2.530458	5.905460	3.375002
0.018000	-2.526271	5.901272	3.375001
0.019000	-2.522192	5.897193	3.375001
0.020000	-2.518222	5.893223	3.375001
0.021000	-2.514359	5.889360	3.375001
0.022000	-2.510604	5.885606	3.375001
0.023000	-2.506957	5.881958	3.375002
0.024000	-2.503416	5.878417	3.375001
0.025000	-2.499981	5.874983	3.375002
0.026000	-2.496652	5.871654	3.375001
0.027000	-2.493428	5.868430	3.375002
0.028000	-2.490309	5.865310	3.375001
0.029000	-2.487293	5.862296	3.375003
0.030000	-2.484383	5.859385	3.375002
0.031000	-2.481575	5.856577	3.375002
0.032000	-2.478870	5.853872	3.375002
0.033000	-2.476268	5.851270	3.375001
0.034000	-2.473767	5.848769	3.375002
0.035000	-2.471367	5.846370	3.375002
0.036000	-2.469068	5.844071	3.375003
0.037000	-2.466870	5.841872	3.375002
0.038000	-2.464771	5.839773	3.375002
0.039000	-2.462771	5.837773	3.375002
0.040000	-2.460870	5.835872	3.375002
0.041000	-2.459067	5.834068	3.375002
0.042000	-2.457360	5.832362	3.375002
0.043000	-2.455751	5.830753	3.375002
0.044000	-2.454237	5.829239	3.375002
0.045000	-2.452818	5.827820	3.375002
0.046000	-2.451494	5.826497	3.375003
0.047000	-2.450264	5.825267	3.375003
0.048000	-2.449128	5.824130	3.375002
0.049000	-2.448084	5.823086	3.375002
0.050000	-2.447131	5.822133	3.375002
0.051000	-2.446269	5.821271	3.375002
0.052000	-2.445498	5.820499	3.375002
0.053000	-2.444814	5.819816	3.375002
0.054000	-2.444219	5.819221	3.375002
0.055000	-2.443711	5.818713	3.375002
0.056000	-2.443289	5.818290	3.375002
0.057000	-2.442951	5.817953	3.375002
0.058000	-2.442698	5.817699	3.375002
0.059000	-2.442527	5.817528	3.375001
0.060000	-2.442437	5.817439	3.375002
0.061000	-2.442427	5.817429	3.375002
0.062000	-2.442497	5.817498	3.375002
0.063000	-2.442643	5.817644	3.375001
0.064000	-2.442864	5.817866	3.375001
0.065000	-2.443161	5.818162	3.375001
0.066000	-2.443529	5.818531	3.375001
0.067000	-2.443968	5.818970	3.375001
0.068000	-2.444477	5.819478	3.375001
0.069000	-2.445051	5.820053	3.375001
0.070000	-2.445691	5.820692	3.375001
0.071000	-2.446394	5.821395	3.375001
0.072000	-2.447157	5.822158	3.375001
0.073000	-2.447978	5.822979	3.375001
0.074000	-2.448855	5.823856	3.375000
0.075000	-2.449785	5.824786	3.375000
0.076000	-2.450766	5.825766	3.375000
0.077000	-2.451794	5.826793	3.375000
0.078000	-2.452866	5.827865	3.374999
0.079000	-2.453979	5.828978	3.374999
0.080000	-2.455129	5.830127	3.374998
0.081000	-2.456314	5.831312	3.374998
0.082000	-2.457529	5.832527	3.374998
0.083000	-2.458771	5.833768	3.374997
0.084000	-2.460035	5.835032	3.374998
0.085000	-2.461317	5.836314	3.374997
0.086000	-2.462612	5.837609	3.374997
0.087000	-2.463917	5.838913	3.374997
0.088000	-2.465224	5.840220	3.374996
0.089000	-2.466529	5.841526	3.374997
0.090000	-2.467827	5.842823	3.374996
0.091000	-2.469112	5.844108	3.374996
0.092000	-2.470378	5.845373	3.374995
0.093000	-2.471618	5.846612	3.374994
0.094000	-2.472825	5.847818	3.374993
0.095000	-2.473992	5.848985	3.374993
0.096000	-2.475111	5.850103	3.374992
0.097000	-2.476175	5.851167	3.374992
0.098000	-2.477176	5.852167	3.374991
0.099000	-2.478104	5.853094	3.374990
0.100000	-2.478951	5.853940	3.374990
0.101000	-2.479706	5.854695	3.374989
0.102000	-2.480361	5.855349	3.374988
0.103000	-2.480905	5.855892	3.374987
0.104000	-2.481326	5.856312	3.374986
0.105000	-2.481614	5.856599	3.374985
0.106000	-2.481755	5.856739	3.374984
0.107000	-2.481738	5.856721	3.374983
0.108000	-2.481550	5.856531	3.374981
0.109000	-2.481176	5.856156	3.374980
0.110000	-2.480603	5.855581	3.374979
0.111000	-2.479814	5.854792	3.374977
0.112000	-2.478796	5.853772	3.374976
0.113000	-2.477530	5.852505	3.374975
0.114000	-2.476002	5.850974	3.374972
0.115000	-2.474191	5.849163	3.374971
0.116000	-2.472082	5.847051	3.374969
0.117000	-2.469653	5.844621	3.374968
0.118000	-2.466885	5.841851	3.374966
0.119000	-2.463758	5.838722	3.374964
0.120000	-2.460249	5.835211	3.374962
0.121000	-2.456337	5.831297	3.374960
0.122000	-2.451998	5.826956	3.374958
0.123000	-2.447208	5.822165	3.374957
0.124000	-2.441944	5.816899	3.374955
0.125000	-2.436179	5.811132	3.374953
0.126000	-2.429887	5.804838	3.374951
0.127000	-2.423040	5.797989	3.374949
0.128000	-2.415612	5.790558	3.374946
0.129000	-2.407572	5.782516	3.374943
0.130000	-2.398893	5.773833	3.374940
0.131000	-2.389542	5.764481	3.374938
0.132000	-2.379491	5.754426	3.374936
0.133000	-2.368707	5.743640	3.374933
0.134000	-2.357158	5.732089	3.374930
0.135000	-2.344812	5.719740	3.374928
0.136000	-2.331637	5.706562	3.374925
0.137000	-2.317599	5.692521	3.374922
0.138000	-2.302665	5.677583	3.374918
0.139000	-2.286800	5.661716	3.374916
0.140000	-2.269973	5.644886	3.374913
0.141000	-2.252150	5.627059	3.374909
0.142000	-2.233297	5.608204	3.374907
0.143000	-2.213384	5.588287	3.374903
0.144000	-2.192377	5.567278	3.374901
0.145000	-2.170248	5.545146	3.374898
0.146000	-2.146966	5.521860	3.374894
0.147000	-2.122504	5.497396	3.374892
0.148000	-2.096834	5.471724	3.374889
0.149000	-2.069935	5.444821	3.374886
0.150000	-2.041785	5.416668	3.374883
0.151000	-2.012362	5.387243	3.374881
0.152000	-1.981654	5.356532	3.374878
0.153000	-1.949644	5.324523	3.374879
0.154000	-1.916330	5.291206	3.374876
0.155000	-1.881704	5.256578	3.374875
0.156000	-1.845767	5.220640	3.374873
0.157000	-1.808527	5.183398	3.374872
0.158000	-1.769992	5.144864	3.374872
0.159000	-1.730184	5.105055	3.374872
0.160000	-1.689123	5.063996	3.374872
0.161000	-1.646843	5.021718	3.374875
0.162000	-1.603383	4.978260	3.374876
0.163000	-1.558789	4.933668	3.374879
0.164000	-1.513118	4.888000	3.374881
0.165000	-1.466434	4.841317	3.374884
0.166000	-1.418806	4.793694	3.374887
0.167000	-1.370319	4.745212	3.374893
0.168000	-1.321067	4.695962	3.374896
0.169000	-1.271145	4.646047	3.374902
0.170000	-1.220669	4.595578	3.374909
0.171000	-1.169758	4.544674	3.374916
0.172000	-1.118544	4.493466	3.374923
0.173000	-1.067164	4.442094	3.374930
0.174000	-1.015763	4.390706	3.374942
0.175000	-0.964507	4.339458	3.374950
0.176000	-0.913556	4.288515	3.374959
0.177000	-0.863081	4.238049	3.374968
0.178000	-0.813259	4.188238	3.374979
0.179000	-0.764272	4.139264	3.374992
0.180000	-0.716310	4.091316	3.375006
0.181000	-0.669564	4.044581	3.375017
0.182000	-0.624222	3.999252	3.375030
0.183000	-0.580476	3.955520	3.375044
0.184000	-0.538519	3.913574	3.375056
0.185000	-0.498533	3.873601	3.375067
0.186000	-0.460706	3.835781	3.375075
0.187000	-0.425202	3.800289	3.375086
0.188000	-0.392195	3.767290	3.375095
0.189000	-0.361837	3.736942	3.375105
0.190000	-0.334275	3.709388	3.375113
0.191000	-0.309636	3.684759	3.375122
0.192000	-0.288044	3.663171	3.375127
0.193000	-0.269590	3.644724	3.375134
0.194000	-0.254364	3.629503	3.375139
0.195000	-0.242427	3.617571	3.375144
0.196000	-0.233832	3.608975	3.375144
0.197000	-0.228596	3.603742	3.375146
0.198000	-0.226735	3.601879	3.375144
0.199000	-0.228228	3.603373	3.375145
0.200000	-0.233052	3.608192	3.375140
0.201000	-0.241151	3.616285	3.375134
0.202000	-0.252451	3.627580	3.375129
0.203000	-0.266868	3.641991	3.375123
0.204000	-0.284300	3.659412	3.375112
0.205000	-0.304619	3.679723	3.375103
0.206000	-0.327692	3.702789	3.375097
0.207000	-0.353380	3.728462	3.375083
0.208000	-0.381512	3.756585	3.375073
0.209000	-0.411926	3.786988	3.375062
0.210000	-0.444445	3.819496	3.375051
0.211000	-0.478882	3.853926	3.375043
0.212000	-0.515062	3.890091	3.375029
0.213000	-0.552779	3.927801	3.375022
0.214000	-0.591859	3.966867	3.375008
0.215000	-0.632100	4.007097	3.374997
0.216000	-0.673314	4.048302	3.374988
0.217000	-0.715320	4.090298	3.374978
0.218000	-0.757935	4.132903	3.374968
0.219000	-0.800983	4.175941	3.374957
0.220000	-0.844296	4.219243	3.374947
0.221000	-0.887707	4.262647	3.374940
0.222000	-0.931068	4.306000	3.374931
0.223000	-0.974231	4.349156	3.374925
0.224000	-1.017061	4.391978	3.374917
0.225000	-1.059430	4.434340	3.374910
0.226000	-1.101220	4.476125	3.374905
0.227000	-1.142323	4.517223	3.374900
0.228000	-1.182644	4.557539	3.374895
0.229000	-1.222090	4.596981	3.374891
0.230000	-1.260583	4.635472	3.374888
0.231000	-1.298055	4.672941	3.374886
0.232000	-1.334445	4.709328	3.374884
0.233000	-1.369698	4.744579	3.374882
0.234000	-1.403771	4.778651	3.374881
0.235000	-1.436626	4.811507	3.374881
0.236000	-1.468235	4.843117	3.374882
0.237000	-1.498577	4.873458	3.374881
0.238000	-1.527635	4.902516	3.374881
0.239000	-1.555398	4.930281	3.374883
0.240000	-1.581862	4.956746	3.374883
0.241000	-1.607028	4.981914	3.374886
0.242000	-1.630901	5.005789	3.374889
0.243000	-1.653491	5.028381	3.374889
0.244000	-1.674811	5.049703	3.374892
0.245000	-1.694876	5.069771	3.374895
0.246000	-1.713707	5.088605	3.374898
0.247000	-1.731326	5.106227	3.374900
0.248000	-1.747758	5.122662	3.374903
0.249000	-1.763028	5.137935	3.374906
0.250000	-1.777164	5.152074	3.374910
0.251000	-1.790197	5.165110	3.374913
0.252000	-1.802156	5.177073	3.374917
0.253000	-1.813074	5.187993	3.374919
0.254000	-1.822981	5.197903	3.374922
0.255000	-1.831911	5.206837	3.374925
0.256000	-1.839897	5.214825	3.374928
0.257000	-1.846970	5.221902	3.374932
0.258000	-1.853166	5.228101	3.374935
0.259000	-1.858516	5.233454	3.374937
0.260000	-1.863054	5.237994	3.374940
0.261000	-1.866811	5.241754	3.374943
0.262000	-1.869819	5.244765	3.374946
0.263000	-1.872110	5.247058	3.374949
0.264000	-1.873714	5.248665	3.374951
0.265000	-1.874662	5.249616	3.374954
0.266000	-1.874984	5.249940	3.374956
0.267000	-1.874707	5.249666	3.374959
0.268000	-1.873861	5.248821	3.374961
0.269000	-1.872471	5.247434	3.374963
0.270000	-1.870566	5.245531	3.374965
0.271000	-1.868170	5.243137	3.374967
0.272000	-1.865308	5.240277	3.374969
0.273000	-1.862005	5.236975	3.374971
0.274000	-1.858283	5.233255	3.374972
0.275000	-1.854164	5.229139	3.374974
0.276000	-1.849672	5.224648	3.374977
0.277000	-1.844826	5.219804	3.374978
0.278000	-1.839646	5.214626	3.374979
0.279000	-1.834152	5.209134	3.374981
0.280000	-1.828363	5.203345	3.374983
0.281000	-1.822295	5.197279	3.374985
0.282000	-1.815966	5.190951	3.374985
0.283000	-1.809392	5.184379	3.374987
0.284000	-1.802590	5.177578	3.374988
0.285000	-1.795573	5.170562	3.374989
0.286000	-1.788357	5.163347	3.374990
0.287000	-1.780955	5.155945	3.374991
0.288000	-1.773379	5.148371	3.374992
0.289000	-1.765643	5.140636	3.374993
0.290000	-1.757759	5.132752	3.374993
0.291000	-1.749737	5.124731	3.374994
0.292000	-1.741588	5.116583	3.374995
0.293000	-1.733324	5.108320	3.374996
0.294000	-1.724954	5.099950	3.374997
0.295000	-1.716486	5.091484	3.374998
0.296000	-1.707930	5.082929	3.374998
0.297000	-1.699296	5.074295	3.374999
0.298000	-1.690589	5.065589	3.375000
0.299000	-1.681820	5.056819	3.375000
0.300000	-1.672993	5.047993	3.375000
0.301000	-1.664117	5.039118	3.375001
0.302000	-1.655198	5.030199	3.375001
0.303000	-1.646242	5.021244	3.375002
0.304000	-1.637255	5.012257	3.375002
0.305000	-1.628243	5.003245	3.375003
0.306000	-1.619211	4.994214	3.375003
0.307000	-1.610163	4.985167	3.375003
0.308000	-1.601105	4.976109	3.375004
0.309000	-1.592042	4.967046	3.375004
0.310000	-1.582976	4.957981	3.375004
0.311000	-1.573913	4.948918	3.375005
0.312000	-1.564856	4.939862	3.375005
0.313000	-1.555809	4.930814	3.375005
0.314000	-1.546775	4.921781	3.375006
0.315000	-1.537757	4.912763	3.375006
0.316000	-1.528758	4.903763	3.375006
0.317000	-1.519780	4.894786	3.375006
0.318000	-1.510828	4.885834	3.375006
0.319000	-1.501902	4.876908	3.375006
0.320000	-1.493005	4.868011	3.375006
0.321000	-1.484140	4.859146	3.375006
0.322000	-1.475308	4.850314	3.375006
0.323000	-1.466512	4.841518	3.375006
0.324000	-1.457752	4.832758	3.375006
0.325000	-1.449031	4.824038	3.375006
0.326000	-1.440351	4.815357	3.375006
0.327000	-1.431712	4.806718	3.375007
0.328000	-1.423115	4.798122	3.375007
0.329000	-1.414564	4.789570	3.375007
0.330000	-1.406057	4.781064	3.375007
0.331000	-1.397597	4.772604	3.375007
0.332000	-1.389184	4.764191	3.375006
0.333000	-1.380820	4.755826	3.375006
0.334000	-1.372504	4.747510	3.375006
0.335000	-1.364238	4.739245	3.375007
0.336000	-1.356023	4.731029	3.375006
0.337000	-1.347858	4.722864	3.375006
0.338000	-1.339745	4.714751	3.375006
0.339000	-1.331684	4.706690	3.375006
0.340000	-1.323675	4.698682	3.375007
0.341000	-1.315720	4.690727	3.375007
0.342000	-1.307817	4.682824	3.375007
0.343000	-1.299968	4.674975	3.375008
0.344000	-1.292172	4.667180	3.375008
0.345000	-1.284431	4.659439	3.375007
0.346000	-1.276744	4.651752	3.375008
0.347000	-1.269111	4.644118	3.375008
0.348000	-1.261532	4.636540	3.375008
0.349000	-1.254007	4.629015	3.375008
0.350000	-1.246537	4.621545	3.375008
0.351000	-1.239121	4.614129	3.375008
0.352000	-1.231760	4.606768	3.375008
0.353000	-1.224453	4.599461	3.375008
0.354000	-1.217201	4.592208	3.375008
0.355000	-1.210001	4.585010	3.375008
0.356000	-1.202857	4.577865	3.375008
0.357000	-1.195766	4.570775	3.375009
0.358000	-1.188730	4.563737	3.375008
0.359000	-1.181746	4.556754	3.375008
0.360000	-1.174815	4.549824	3.375009
0.361000	-1.167938	4.542947	3.375008
0.362000	-1.161114	4.536123	3.375009
0.363000	-1.154343	4.529351	3.375009
0.364000	-1.147623	4.522632	3.375008
0.365000	-1.140956	4.515965	3.375009
0.366000	-1.134341	4.509350	3.375009
0.367000	-1.127777	4.502786	3.375009
0.368000	-1.121265	4.496274	3.375009
0.369000	-1.114804	4.489812	3.375009
0.370000	-1.108393	4.483402	3.375008
0.371000	-1.102033	4.477042	3.375009
0.372000	-1.095723	4.470732	3.375009
0.373000	-1.089462	4.464471	3.375009
0.374000	-1.083251	4.458260	3.375009
0.375000	-1.077089	4.452098	3.375009
0.376000	-1.070976	4.445984	3.375009
0.377000	-1.064910	4.439919	3.375009
0.378000	-1.058893	4.433902	3.375009
0.379000	-1.052924	4.427932	3.375008
0.380000	-1.047001	4.422010	3.375009
0.381000	-1.041126	4.416135	3.375009
0.382000	-1.035298	4.410306	3.375008
0.383000	-1.029515	4.404523	3.375009
0.384000	-1.023778	4.398787	3.375008
0.385000	-1.018087	4.393095	3.375009
0.386000	-1.012441	4.387449	3.375008
0.387000	-1.006839	4.381847	3.375008
0.388000	-1.001282	4.376290	3.375009
0.389000	-0.995769	4.370777	3.375009
0.390000	-0.990299	4.365307	3.375008
0.391000	-0.984872	4.359881	3.375009
0.392000	-0.979488	4.354497	3.375009
0.393000	-0.974147	4.349156	3.375009
0.394000	-0.968848	4.343857	3.375009
0.395000	-0.963591	4.338600	3.375009
0.396000	-0.958375	4.333384	3.375009
0.397000	-0.953200	4.328209	3.375009
0.398000	-0.948065	4.323074	3.375009
0.399000	-0.942971	4.317980	3.375009
0.400000	-0.937917	4.312926	3.375009
0.401000	-0.932902	4.307911	3.375009
0.402000	-0.927927	4.302936	3.375010
0.403000	-0.922990	4.298000	3.375010
0.404000	-0.918092	4.293101	3.375009
0.405000	-0.913232	4.288241	3.375010
0.406000	-0.908410	4.283419	3.375009
0.407000	-0.903625	4.278634	3.375009
0.408000	-0.898877	4.273886	3.375009
0.409000	-0.894166	4.269175	3.375009
0.410000	-0.889492	4.264500	3.375009
0.411000	-0.884853	4.259861	3.375008
0.412000	-0.880250	4.255259	3.375008
0.413000	-0.875683	4.250690	3.375008
0.414000	-0.871150	4.246158	3.375008
0.415000	-0.866652	4.241660	3.375008
0.416000	-0.862188	4.237196	3.375008
0.417000	-0.857759	4.232767	3.375008
0.418000	-0.853363	4.228371	3.375008
0.419000	-0.849001	4.224009	3.375008
0.420000	-0.844671	4.219679	3.375008
0.421000	-0.840375	4.215383	3.375008
0.422000	-0.836111	4.211119	3.375008
0.423000	-0.831879	4.206887	3.375008
0.424000	-0.827679	4.202687	3.375008
0.425000	-0.823511	4.198519	3.375008
0.426000	-0.819374	4.194382	3.375008
0.427000	-0.815267	4.190276	3.375008
0.428000	-0.811192	4.186200	3.375008
0.429000	-0.807147	4.182155	3.375008
0.430000	-0.803132	4.178140	3.375008
0.431000	-0.799146	4.174154	3.375008
0.432000	-0.795191	4.170198	3.375008
0.433000	-0.791264	4.166273	3.375008
0.434000	-0.787367	4.162375	3.375008
0.435000	-0.783498	4.158506	3.375008
0.436000	-0.779658	4.154665	3.375007
0.437000	-0.775845	4.150853	3.375007
0.438000	-0.772061	4.147069	3.375008
0.439000	-0.768304	4.143312	3.375007
0.440000	-0.764575	4.139582	3.375007
0.441000	-0.760872	4.135880	3.375007
0.442000	-0.757197	4.132204	3.375007
0.443000	-0.753547	4.128555	3.375007
0.444000	-0.749925	4.124932	3.375008
0.445000	-0.746328	4.121336	3.375008
0.446000	-0.742757	4.117765	3.375008
0.447000	-0.739212	4.114219	3.375007
0.448000	-0.735692	4.110700	3.375008
0.449000	-0.732197	4.107204	3.375007
0.450000	-0.728727	4.103734	3.375007
0.451000	-0.725282	4.100289	3.375007
0.452000	-0.721861	4.096869	3.375007
0.453000	-0.718465	4.093472	3.375007
0.454000	-0.715092	4.090099	3.375008
0.455000	-0.711743	4.086750	3.375007
0.456000	-0.708417	4.083425	3.375008
0.457000	-0.705115	4.080122	3.375008
0.458000	-0.701836	4.076843	3.375008
0.459000	-0.698579	4.073587	3.375008
0.460000	-0.695346	4.070354	3.375008
0.461000	-0.692134	4.067142	3.375008
0.462000	-0.688945	4.063953	3.375008
0.463000	-0.685778	4.060786	3.375008
0.464000	-0.682633	4.057641	3.375007
0.465000	-0.679510	4.054517	3.375008
0.466000	-0.676408	4.051415	3.375007
0.467000	-0.673327	4.048334	3.375007
0.468000	-0.670267	4.045274	3.375007
0.469000	-0.667228	4.042235	3.375008
0.470000	-0.664209	4.039217	3.375008
0.471000	-0.661211	4.036219	3.375008
0.472000	-0.658234	4.033241	3.375007
0.473000	-0.655276	4.030283	3.375007
0.474000	-0.652338	4.027346	3.375008
0.475000	-0.649420	4.024428	3.375008
0.476000	-0.646522	4.021530	3.375008
0.477000	-0.643643	4.018651	3.375008
0.478000	-0.640783	4.015791	3.375008
0.479000	-0.637942	4.012950	3.375008
0.480000	-0.635120	4.010128	3.375008
0.481000	-0.632317	4.007325	3.375008
0.482000	-0.629532	4.004540	3.375008
0.483000	-0.626766	4.001773	3.375008
0.484000	-0.624017	3.999025	3.375008
0.485000	-0.621287	3.996295	3.375008
0.486000	-0.618575	3.993583	3.375008
0.487000	-0.615880	3.990888	3.375008
0.488000	-0.613203	3.988211	3.375008
0.489000	-0.610543	3.985552	3.375008
0.490000	-0.607901	3.982909	3.375008
0.491000	-0.605275	3.980284	3.375009
0.492000	-0.602667	3.977675	3.375008
0.493000	-0.600076	3.975084	3.375008
0.494000	-0.597501	3.972509	3.375008
0.495000	-0.594942	3.969950	3.375009
0.496000	-0.592400	3.967408	3.375008
0.497000	-0.589874	3.964882	3.375008
0.498000	-0.587364	3.962372	3.375008
0.499000	-0.584871	3.959879	3.375008
0.500000	-0.582393	3.957401	3.375008
0.501000	-0.579930	3.954938	3.375008
0.502000	-0.577483	3.952492	3.375008
0.503000	-0.575052	3.950060	3.375008
0.504000	-0.572636	3.947644	3.375008
0.505000	-0.570235	3.945242	3.375008
0.506000	-0.567849	3.942857	3.375008
0.507000	-0.565477	3.940485	3.375008
0.508000	-0.563121	3.938129	3.375008
0.509000	-0.560779	3.935787	3.375008
0.510000	-0.558452	3.933460	3.375008
0.511000	-0.556139	3.931147	3.375008
0.512000	-0.553840	3.928848	3.375008
0.513000	-0.551556	3.926564	3.375008
0.514000	-0.549285	3.924293	3.375008
0.515000	-0.547029	3.922037	3.375008
0.516000	-0.544786	3.919794	3.375008
0.517000	-0.542557	3.917565	3.375008
0.518000	-0.540341	3.915349	3.375008
0.519000	-0.538139	3.913147	3.375008
0.520000	-0.535951	3.910959	3.375008
0.521000	-0.533775	3.908783	3.375008
0.522000	-0.531613	3.906621	3.375008
0.523000	-0.529463	3.904471	3.375008
0.524000	-0.527327	3.902335	3.375008
0.525000	-0.525203	3.900211	3.375008
0.526000	-0.523092	3.898100	3.375008
0.527000	-0.520994	3.896002	3.375008
0.528000	-0.518908	3.893917	3.375008
0.529000	-0.516835	3.891843	3.375008
0.530000	-0.514774	3.889782	3.375008
0.531000	-0.512725	3.887733	3.375008
0.532000	-0.510688	3.885696	3.375008
0.533000	-0.508663	3.883671	3.375008
0.534000	-0.506650	3.881658	3.375008
0.535000	-0.504649	3.879657	3.375008
0.536000	-0.502660	3.877668	3.375008
0.537000	-0.500682	3.875690	3.375008
0.538000	-0.498716	3.873724	3.375008
0.539000	-0.496761	3.871769	3.375008
0.540000	-0.494818	3.869826	3.375008
0.541000	-0.492886	3.867894	3.375008
0.542000	-0.490965	3.865973	3.375008
0.543000	-0.489055	3.864063	3.375008
0.544000	-0.487156	3.862164	3.375008
0.545000	-0.485268	3.860276	3.375008
0.546000	-0.483391	3.858398	3.375007
0.547000	-0.481525	3.856532	3.375008
0.548000	-0.479669	3.854676	3.375008
0.549000	-0.477824	3.852831	3.375008
0.550000	-0.475989	3.850997	3.375008
0.551000	-0.474165	3.849173	3.375008
0.552000	-0.472351	3.847359	3.375008
0.553000	-0.470548	3.845555	3.375008
0.554000	-0.468754	3.843761	3.375007
0.555000	-0.466971	3.841978	3.375007
0.556000	-0.465198	3.840205	3.375007
0.557000	-0.463434	3.838441	3.375007
0.558000	-0.461681	3.836688	3.375007
0.559000	-0.459937	3.834944	3.375007
0.560000	-0.458203	3.833210	3.375007
0.561000	-0.456479	3.831486	3.375007
0.562000	-0.454764	3.829772	3.375007
0.563000	-0.453059	3.828066	3.375007
0.564000	-0.451364	3.826370	3.375007
0.565000	-0.449677	3.824684	3.375007
0.566000	-0.448000	3.823007	3.375007
0.567000	-0.446332	3.821339	3.375007
0.568000	-0.444674	3.819680	3.375006
0.569000	-0.443024	3.818031	3.375006
0.570000	-0.441384	3.816390	3.375006
0.571000	-0.439752	3.814759	3.375006
0.572000	-0.438130	3.813136	3.375006
0.573000	-0.436516	3.811522	3.375006
0.574000	-0.434911	3.809917	3.375006
0.575000	-0.433315	3.808321	3.375006
0.576000	-0.431727	3.806733	3.375006
0.577000	-0.430148	3.805154	3.375006
0.578000	-0.428577	3.803583	3.375006
0.579000	-0.427015	3.802021	3.375006
0.580000	-0.425461	3.800467	3.375006
0.581000	-0.423916	3.798922	3.375006
0.582000	-0.422378	3.797384	3.375006
0.583000	-0.420850	3.795856	3.375006
0.584000	-0.419329	3.794335	3.375006
0.585000	-0.417816	3.792822	3.375006
0.586000	-0.416311	3.791317	3.375006
0.587000	-0.414815	3.789821	3.375006
0.588000	-0.413326	3.788332	3.375006
0.589000	-0.411845	3.786851	3.375006
0.590000	-0.410372	3.785378	3.375006
0.591000	-0.408906	3.783913	3.375006
0.592000	-0.407449	3.782455	3.375007
0.593000	-0.405999	3.781005	3.375006
0.594000	-0.404557	3.779563	3.375006
0.595000	-0.403122	3.778128	3.375007
0.596000	-0.401694	3.776701	3.375007
0.597000	-0.400275	3.775281	3.375007
0.598000	-0.398862	3.773869	3.375007
0.599000	-0.397457	3.772464	3.375007
0.600000	-0.396059	3.771066	3.375007
0.601000	-0.394668	3.769675	3.375007
0.602000	-0.393285	3.768292	3.375007
0.603000	-0.391909	3.766915	3.375007
0.604000	-0.390540	3.765546	3.375007
0.605000	-0.389177	3.764184	3.375007
0.606000	-0.387822	3.762829	3.375007
0.607000	-0.386474	3.761481	3.375007
0.608000	-0.385133	3.760139	3.375007
0.609000	-0.383798	3.758805	3.375007
0.610000	-0.382470	3.757478	3.375007
0.611000	-0.381150	3.756156	3.375007
0.612000	-0.379835	3.754842	3.375007
0.613000	-0.378528	3.753535	3.375007
0.614000	-0.377227	3.752234	3.375007
0.615000	-0.375933	3.750940	3.375007
0.616000	-0.374645	3.749652	3.375007
0.617000	-0.373364	3.748371	3.375007
0.618000	-0.372089	3.747096	3.375007
0.619000	-0.370821	3.745828	3.375007
0.620000	-0.369559	3.744566	3.375007
0.621000	-0.368303	3.743310	3.375007
0.622000	-0.367053	3.742061	3.375007
0.623000	-0.365810	3.740818	3.375008
0.624000	-0.364573	3.739581	3.375008
0.625000	-0.363342	3.738350	3.375008
0.626000	-0.362118	3.737125	3.375008
0.627000	-0.360899	3.735907	3.375008
0.628000	-0.359686	3.734694	3.375008
0.629000	-0.358480	3.733488	3.375008
0.630000	-0.357279	3.732287	3.375007
0.631000	-0.356085	3.731092	3.375008
0.632000	-0.354896	3.729903	3.375008
0.633000	-0.353713	3.728720	3.375007
0.634000	-0.352536	3.727543	3.375007
0.635000	-0.351364	3.726372	3.375008
0.636000	-0.350199	3.725206	3.375008
0.637000	-0.349039	3.724046	3.375008
0.638000	-0.347885	3.722892	3.375008
0.639000	-0.346736	3.721744	3.375008
0.640000	-0.345593	3.720601	3.375008
0.641000	-0.344456	3.719463	3.375008
0.642000	-0.343324	3.718331	3.375007
0.643000	-0.342197	3.717205	3.375008
0.644000	-0.341076	3.716084	3.375007
0.645000	-0.339961	3.714968	3.375007
0.646000	-0.338850	3.713858	3.375007
0.647000	-0.337745	3.712753	3.375008
0.648000	-0.336646	3.711653	3.375007
0.649000	-0.335552	3.710559	3.375007
0.650000	-0.334463	3.709470	3.375007
0.651000	-0.333379	3.708386	3.375007
0.652000	-0.332300	3.707308	3.375007
0.653000	-0.331227	3.706234	3.375008
0.654000	-0.330159	3.705166	3.375007
0.655000	-0.329095	3.704103	3.375007
0.656000	-0.328037	3.703045	3.375008
0.657000	-0.326984	3.701991	3.375007
0.658000	-0.325936	3.700943	3.375007
0.659000	-0.324893	3.699900	3.375007
0.660000	-0.323854	3.698861	3.375007
0.661000	-0.322821	3.697828	3.375007
0.662000	-0.321792	3.696800	3.375007
0.663000	-0.320769	3.695776	3.375007
0.664000	-0.319750	3.694757	3.375007
0.665000	-0.318736	3.693743	3.375007
0.666000	-0.317727	3.692734	3.375007
0.667000	-0.316722	3.691729	3.375007
0.668000	-0.315722	3.690729	3.375007
0.669000	-0.314727	3.689734	3.375007
0.670000	-0.313736	3.688744	3.375008
0.671000	-0.312751	3.687758	3.375007
0.672000	-0.311769	3.686777	3.375007
0.673000	-0.310792	3.685800	3.375007
0.674000	-0.309820	3.684828	3.375007
0.675000	-0.308852	3.683860	3.375007
0.676000	-0.307889	3.682896	3.375007
0.677000	-0.306930	3.681938	3.375008
0.678000	-0.305976	3.680984	3.375007
0.679000	-0.305026	3.680034	3.375008
0.680000	-0.304080	3.679088	3.375008
0.681000	-0.303139	3.678147	3.375007
0.682000	-0.302202	3.677210	3.375008
0.683000	-0.301270	3.676277	3.375007
0.684000	-0.300341	3.675349	3.375007
0.685000	-0.299417	3.674425	3.375007
0.686000	-0.298497	3.673505	3.375007
0.687000	-0.297582	3.672589	3.375007
0.688000	-0.296670	3.671678	3.375007
0.689000	-0.295763	3.670770	3.375007
0.690000	-0.294860	3.669867	3.375007
0.691000	-0.293961	3.668968	3.375007
0.692000	-0.293066	3.668073	3.375007
0.693000	-0.292175	3.667182	3.375007
0.694000	-0.291288	3.666295	3.375007
0.695000	-0.290405	3.665412	3.375007
0.696000	-0.289526	3.664533	3.375007
0.697000	-0.288651	3.663658	3.375007
0.698000	-0.287780	3.662787	3.375008
0.699000	-0.286912	3.661920	3.375007
0.700000	-0.286049	3.661056	3.375007
0.701000	-0.285190	3.660197	3.375007
0.702000	-0.284334	3.659341	3.375007
0.703000	-0.283483	3.658490	3.375007
0.704000	-0.282635	3.657642	3.375007
0.705000	-0.281791	3.656798	3.375007
0.706000	-0.280950	3.655957	3.375007
0.707000	-0.280114	3.655121	3.375007
0.708000	-0.279281	3.654288	3.375007
0.709000	-0.278451	3.653459	3.375007
0.710000	-0.277626	3.652633	3.375007
0.711000	-0.276804	3.651811	3.375007
0.712000	-0.275986	3.650993	3.375007
0.713000	-0.275171	3.650178	3.375007
0.714000	-0.274360	3.649367	3.375007
0.715000	-0.273553	3.648560	3.375007
0.716000	-0.272749	3.647756	3.375007
0.717000	-0.271949	3.646956	3.375007
0.718000	-0.271152	3.646159	3.375007
0.719000	-0.270358	3.645365	3.375007
0.720000	-0.269569	3.644576	3.375007
0.721000	-0.268782	3.643789	3.375007
0.722000	-0.267999	3.643006	3.375007
0.723000	-0.267220	3.642227	3.375007
0.724000	-0.266444	3.641451	3.375007
0.725000	-0.265671	3.640678	3.375007
0.726000	-0.264901	3.639909	3.375007
0.727000	-0.264135	3.639143	3.375007
0.728000	-0.263373	3.638380	3.375007
0.729000	-0.262614	3.637620	3.375007
0.730000	-0.261857	3.636865	3.375007
0.731000	-0.261105	3.636112	3.375007
0.732000	-0.260355	3.635362	3.375007
0.733000	-0.259609	3.634616	3.375007
0.734000	-0.258866	3.633873	3.375007
0.735000	-0.258126	3.633133	3.375007
0.736000	-0.257389	3.632396	3.375007
0.737000	-0.256655	3.631663	3.375007
0.738000	-0.255925	3.630932	3.375007
0.739000	-0.255198	3.630205	3.375007
0.740000	-0.254474	3.629481	3.375007
0.741000	-0.253753	3.628760	3.375008
0.742000	-0.253035	3.628042	3.375008
0.743000	-0.252320	3.627327	3.375008
0.744000	-0.251608	3.626616	3.375008
0.745000	-0.250899	3.625907	3.375008
0.746000	-0.250193	3.625201	3.375008
0.747000	-0.249491	3.624499	3.375008
0.748000	-0.248791	3.623799	3.375008
0.749000	-0.248094	3.623102	3.375008
0.750000	-0.247400	3.622408	3.375008
0.751000	-0.246709	3.621717	3.375008
0.752000	-0.246021	3.621029	3.375008
0.753000	-0.245336	3.620344	3.375008
0.754000	-0.244654	3.619662	3.375008
0.755000	-0.243975	3.618983	3.375008
0.756000	-0.243298	3.618307	3.375008
0.757000	-0.242625	3.617633	3.375008
0.758000	-0.241954	3.616962	3.375008
0.759000	-0.241286	3.616294	3.375008
0.760000	-0.240621	3.615629	3.375008
0.761000	-0.239959	3.614967	3.375008
0.762000	-0.239299	3.614307	3.375008
0.763000	-0.238642	3.613650	3.375008
0.764000	-0.237988	3.612996	3.375008
0.765000	-0.237337	3.612345	3.375008
0.766000	-0.236688	3.611696	3.375008
0.767000	-0.236042	3.611050	3.375008
0.768000	-0.235399	3.610407	3.375008
0.769000	-0.234758	3.609766	3.375008
0.770000	-0.234121	3.609128	3.375008
0.771000	-0.233485	3.608493	3.375008
0.772000	-0.232853	3.607861	3.375008
0.773000	-0.232223	3.607231	3.375008
0.774000	-0.231595	3.606603	3.375008
0.775000	-0.230971	3.605978	3.375008
0.776000	-0.230348	3.605356	3.375008
0.777000	-0.229729	3.604736	3.375008
0.778000	-0.229112	3.604120	3.375008
0.779000	-0.228497	3.603505	3.375008
0.780000	-0.227885	3.602893	3.375008
0.781000	-0.227275	3.602283	3.375008
0.782000	-0.226668	3.601676	3.375008
0.783000	-0.226064	3.601072	3.375008
0.784000	-0.225462	3.600470	3.375008
0.785000	-0.224862	3.599870	3.375007
0.786000	-0.224265	3.599273	3.375008
0.787000	-0.223670	3.598678	3.375008
0.788000	-0.223078	3.598086	3.375007
0.789000	-0.222488	3.597496	3.375007
0.790000	-0.221901	3.596908	3.375007
0.791000	-0.221316	3.596323	3.375007
0.792000	-0.220733	3.595740	3.375007
0.793000	-0.220153	3.595160	3.375007
0.794000	-0.219575	3.594582	3.375007
0.795000	-0.218999	3.594006	3.375007
0.796000	-0.218426	3.593433	3.375007
0.797000	-0.217855	3.592862	3.375007
0.798000	-0.217286	3.592293	3.375007
0.799000	-0.216720	3.591727	3.375007
0.800000	-0.216155	3.591162	3.375007
0.801000	-0.215594	3.590600	3.375007
0.802000	-0.215034	3.590041	3.375007
0.803000	-0.214477	3.589484	3.375007
0.804000	-0.213921	3.588928	3.375007
0.805000	-0.213369	3.588376	3.375007
0.806000	-0.212818	3.587825	3.375007
0.807000	-0.212269	3.587277	3.375007
0.808000	-0.211723	3.586730	3.375007
0.809000	-0.211179	3.586186	3.375007
0.810000	-0.210637	3.585644	3.375007
0.811000	-0.210097	3.585105	3.375007
0.812000	-0.209560	3.584567	3.375007
0.813000	-0.209024	3.584031	3.375007
0.814000	-0.208491	3.583498	3.375007
0.815000	-0.207960	3.582967	3.375007
0.816000	-0.207430	3.582438	3.375007
0.817000	-0.206903	3.581910	3.375007
0.818000	-0.206378	3.581385	3.375007
0.819000	-0.205856	3.580862	3.375007
0.820000	-0.205335	3.580342	3.375007
0.821000	-0.204816	3.579823	3.375007
0.822000	-0.204299	3.579306	3.375006
0.823000	-0.203785	3.578791	3.375007
0.824000	-0.203272	3.578279	3.375006
0.825000	-0.202761	3.577768	3.375007
0.826000	-0.202253	3.577259	3.375006
0.827000	-0.201746	3.576753	3.375006
0.828000	-0.201242	3.576248	3.375007
0.829000	-0.200739	3.575746	3.375007
0.830000	-0.200238	3.575245	3.375007
0.831000	-0.199739	3.574746	3.375006
0.832000	-0.199243	3.574249	3.375006
0.833000	-0.198748	3.573754	3.375007
0.834000	-0.198255	3.573261	3.375006
0.835000	-0.197764	3.572770	3.375006
0.836000	-0.197275	3.572281	3.375006
0.837000	-0.196787	3.571794	3.375007
0.838000	-0.196302	3.571309	3.375006
0.839000	-0.195819	3.570825	3.375007
0.840000	-0.195337	3.570343	3.375006
0.841000	-0.194858	3.569864	3.375006
0.842000	-0.194380	3.569386	3.375006
0.843000	-0.193904	3.568910	3.375006
0.844000	-0.193430	3.568436	3.375006
0.845000	-0.192957	3.567964	3.375006
0.846000	-0.192487	3.567493	3.375006
0.847000	-0.192018	3.567024	3.375006
0.848000	-0.191551	3.566557	3.375006
0.849000	-0.191086	3.566092	3.375006
0.850000	-0.190623	3.565629	3.375006
0.851000	-0.190161	3.565168	3.375006
0.852000	-0.189702	3.564708	3.375006
0.853000	-0.189244	3.564250	3.375006
0.854000	-0.188787	3.563794	3.375006
0.855000	-0.188333	3.563339	3.375006
0.856000	-0.187880	3.562886	3.375006
0.857000	-0.187429	3.562435	3.375006
0.858000	-0.186980	3.561986	3.375006
0.859000	-0.186532	3.561538	3.375006
0.860000	-0.186086	3.561093	3.375006
0.861000	-0.185642	3.560648	3.375006
0.862000	-0.185199	3.560206	3.375006
0.863000	-0.184759	3.559765	3.375006
0.864000	-0.184319	3.559326	3.375006
0.865000	-0.183882	3.558888	3.375006
0.866000	-0.183446	3.558452	3.375006
0.867000	-0.183012	3.558018	3.375006
0.868000	-0.182579	3.557585	3.375006
0.869000	-0.182148	3.557155	3.375006
0.870000	-0.181719	3.556725	3.375006
0.871000	-0.181291	3.556298	3.375006
0.872000	-0.180865	3.555871	3.375006
0.873000	-0.180441	3.555447	3.375006
0.874000	-0.180018	3.555024	3.375006
0.875000	-0.179596	3.554602	3.375006
0.876000	-0.179177	3.554183	3.375006
0.877000	-0.178758	3.553764	3.375006
0.878000	-0.178342	3.553348	3.375006
0.879000	-0.177927	3.552933	3.375006
0.880000	-0.177513	3.552519	3.375006
0.881000	-0.177101	3.552107	3.375006
0.882000	-0.176691	3.551697	3.375006
0.883000	-0.176282	3.551288	3.375006
0.884000	-0.175874	3.550880	3.375005
0.885000	-0.175469	3.550474	3.375006
0.886000	-0.175064	3.550070	3.375005
0.887000	-0.174661	3.549666	3.375005
0.888000	-0.174260	3.549265	3.375005
0.889000	-0.173860	3.548865	3.375005
0.890000	-0.173462	3.548467	3.375005
0.891000	-0.173065	3.548070	3.375005
0.892000	-0.172669	3.547674	3.375005
0.893000	-0.172275	3.547281	3.375005
0.894000	-0.171882	3.546888	3.375005
0.895000	-0.171491	3.546497	3.375005
0.896000	-0.171102	3.546107	3.375006
0.897000	-0.170713	3.545719	3.375006
0.898000	-0.170326	3.545332	3.375005
0.899000	-0.169941	3.544947	3.375006
0.900000	-0.169557	3.544562	3.375005
0.901000	-0.169174	3.544180	3.375006
0.902000	-0.168793	3.543799	3.375006
0.903000	-0.168413	3.543418	3.375005
0.904000	-0.168035	3.543040	3.375005
0.905000	-0.167658	3.542663	3.375005
0.906000	-0.167282	3.542288	3.375006
0.907000	-0.166908	3.541913	3.375006
0.908000	-0.166535	3.541540	3.375005
0.909000	-0.166163	3.541169	3.375006
0.910000	-0.165793	3.540799	3.375006
0.911000	-0.165424	3.540429	3.375006
0.912000	-0.165056	3.540062	3.375006
0.913000	-0.164690	3.539696	3.375006
0.914000	-0.164325	3.539331	3.375006
0.915000	-0.163961	3.538967	3.375005
0.916000	-0.163599	3.538605	3.375006
0.917000	-0.163238	3.538244	3.375005
0.918000	-0.162878	3.537884	3.375005
0.919000	-0.162520	3.537526	3.375006
0.920000	-0.162163	3.537169	3.375006
0.921000	-0.161807	3.536813	3.375006
0.922000	-0.161452	3.536458	3.375006
0.923000	-0.161099	3.536105	3.375006
0.924000	-0.160747	3.535753	3.375006
0.925000	-0.160396	3.535402	3.375006
0.926000	-0.160047	3.535052	3.375006
0.927000	-0.159698	3.534704	3.375006
0.928000	-0.159351	3.534357	3.375006
0.929000	-0.159005	3.534011	3.375006
0.930000	-0.158661	3.533667	3.375006
0.931000	-0.158318	3.533323	3.375006
0.932000	-0.157975	3.532981	3.375006
0.933000	-0.157634	3.532640	3.375006
0.934000	-0.157295	3.532300	3.375006
0.935000	-0.156956	3.531962	3.375006
0.936000	-0.156619	3.531625	3.375006
0.937000	-0.156283	3.531289	3.375006
0.938000	-0.155948	3.530954	3.375006
0.939000	-0.155614	3.530620	3.375006
0.940000	-0.155282	3.530288	3.375006
0.941000	-0.154950	3.529956	3.375006
0.942000	-0.154620	3.529626	3.375006
0.943000	-0.154291	3.529297	3.375006
0.944000	-0.153963	3.528969	3.375006
0.945000	-0.153636	3.528642	3.375006
0.946000	-0.153311	3.528317	3.375006
0.947000	-0.152986	3.527992	3.375006
0.948000	-0.152663	3.527669	3.375006
0.949000	-0.152341	3.527347	3.375007
0.950000	-0.152019	3.527026	3.375006
0.951000	-0.151699	3.526706	3.375006
0.952000	-0.151381	3.526387	3.375007
0.953000	-0.151063	3.526069	3.375006
0.954000	-0.150746	3.525753	3.375007
0.955000	-0.150431	3.525437	3.375006
0.956000	-0.150116	3.525123	3.375007
0.957000	-0.149803	3.524810	3.375007
0.958000	-0.149491	3.524497	3.375007
0.959000	-0.149179	3.524186	3.375007
0.960000	-0.148869	3.523876	3.375007
0.961000	-0.148560	3.523567	3.375007
0.962000	-0.148252	3.523259	3.375007
0.963000	-0.147945	3.522952	3.375006
0.964000	-0.147639	3.522646	3.375006
0.965000	-0.147335	3.522341	3.375006
0.966000	-0.147031	3.522038	3.375007
0.967000	-0.146728	3.521735	3.375006
0.968000	-0.146427	3.521433	3.375007
0.969000	-0.146126	3.521133	3.375007
0.970000	-0.145826	3.520833	3.375006
0.971000	-0.145528	3.520534	3.375007
0.972000	-0.145230	3.520236	3.375006
0.973000	-0.144934	3.519940	3.375007
0.974000	-0.144638	3.519644	3.375006
0.975000	-0.144344	3.519350	3.375006
0.976000	-0.144050	3.519056	3.375006
0.977000	-0.143757	3.518764	3.375006
0.978000	-0.143466	3.518472	3.375006
0.979000	-0.143175	3.518182	3.375007
0.980000	-0.142886	3.517893	3.375007
0.981000	-0.142597	3.517604	3.375006
0.982000	-0.142310	3.517316	3.375006
0.983000	-0.142023	3.517030	3.375007
0.984000	-0.141737	3.516744	3.375007
0.985000	-0.141453	3.516459	3.375007
0.986000	-0.141169	3.516176	3.375007
0.987000	-0.140886	3.515893	3.375007
0.988000	-0.140604	3.515611	3.375007
0.989000	-0.140323	3.515330	3.375007
0.990000	-0.140043	3.515050	3.375007
0.991000	-0.139764	3.514771	3.375007
0.992000	-0.139486	3.514493	3.375006
0.993000	-0.139209	3.514216	3.375007
0.994000	-0.138933	3.513939	3.375006
0.995000	-0.138658	3.513664	3.375007
0.996000	-0.138383	3.513390	3.375007
0.997000	-0.138110	3.513116	3.375007
0.998000	-0.137837	3.512844	3.375007
0.999000	-0.137566	3.512572	3.375006
